0 361 0.0796946
488 0 0.0796946
92 349 0.0796946
445 336 0.0796946
2 236 0.0796946
100 22 0.0796946
417 22 0.0796946
887 707 0.0796946
493 247 0.0796946
189 66 0.0796946
296 22 0.0796946
911 739 0.0796946
333 349 0.0796946
583 911 0.0796946
150 112 0.0796946
453 155 0.0796946
409 139 0.0796946
193 159 0.0796946
321 227 0.0796946
55 361 0.0796946
75 453 0.0796946
703 941 0.0796946
848 840 0.0796946
477 196 0.0803852
208 247 0.0803852
689 583 0.0808759
770 911 0.0809765
165 321 0.0811061
112 16 0.0815507
653 767 0.0816822
814 530 0.082337
192 199 0.0823539
936 512 0.0828076
196 199 0.0828839
116 135 0.0832549
840 583 0.083651
333 409 0.0838108
689 742 0.0838108
0 489 0.0838108
445 409 0.0838108
192 247 0.0838108
189 91 0.0838108
4 174 0.0838108
4 155 0.0838108
703 783 0.0838108
814 798 0.0838108
55 150 0.0838108
100 33 0.0838108
92 339 0.0838108
936 606 0.0838108
116 91 0.0838108
75 465 0.0838108
409 62 0.0838108
887 948 0.0838108
208 380 0.0838108
493 312 0.0838108
477 197 0.0838108
2 220 0.0838108
653 712 0.0838108
321 361 0.0838108
159 321 0.0838108
22 478 0.0838108
712 839 0.0852401
642 590 0.0857436
642 530 0.0857436
174 275 0.0858106
428 465 0.0859455
428 217 0.0859455
230 12 0.0861556
230 16 0.0861556
299 281 0.0862033
299 91 0.0862033
481 79 0.0868974
481 33 0.0868974
312 25 0.0869054
128 42 0.0870643
128 3 0.0870643
227 292 0.0873345
913 740 0.0876388
913 529 0.0876388
986 949 0.0882004
986 606 0.0882004
350 295 0.0883287
350 324 0.0883287
15 339 0.0883868
281 124 0.088483
275 462 0.088627
707 816 0.0888293
496 156 0.0889895
496 467 0.0889895
278 333 0.0890106
783 949 0.0890982
783 727 0.0890982
229 55 0.0891788
727 688 0.0892078
339 125 0.0894188
155 27 0.089568
849 703 0.0901297
31 333 0.0903406
216 390 0.0905065
216 270 0.0905065
35 192 0.0906834
141 269 0.0907072
141 425 0.0907072
36 228 0.0909634
36 216 0.0909634
436 131 0.0909877
436 498 0.0909877
135 51 0.0913616
181 324 0.0913616
181 189 0.0913616
579 739 0.0915069
79 473 0.0917531
377 445 0.0918321
629 602 0.0919407
629 703 0.0919407
199 225 0.0923505
250 193 0.0925599
250 451 0.0925599
892 595 0.0927993
892 729 0.0927993
467 3 0.0929642
467 14 0.0929642
42 445 0.0934825
253 451 0.0934978
344 271 0.0936575
344 274 0.0936575
368 439 0.0939296
368 59 0.0939296
977 739 0.0944946
819 707 0.0946839
819 856 0.0946839
212 467 0.0947814
212 403 0.0947814
319 473 0.0948923
298 62 0.0952547
602 792 0.0953403
220 45 0.0955045
742 954 0.0956713
218 9 0.0957911
218 270 0.0957911
71 27 0.0958517
270 153 0.095908
270 240 0.095908
604 778 0.0959942
604 887 0.0959942
193 480 0.0960105
333 80 0.0960105
165 95 0.0960105
50 141 0.0963207
132 249 0.0963886
132 73 0.0963886
792 866 0.0965553
445 443 0.0966541
941 593 0.096796
581 819 0.0968241
581 529 0.0968241
203 141 0.0968455
203 85 0.0968455
795 740 0.0971205
795 998 0.0971205
198 435 0.0971352
198 223 0.0971352
4 302 0.0972933
13 490 0.0972933
13 345 0.0972933
428 34 0.0972933
278 483 0.0972933
814 795 0.0972933
55 214 0.0972933
950 899 0.0973032
950 682 0.0973032
195 368 0.0974111
195 286 0.0974111
380 54 0.0974346
4 362 0.0975888
438 368 0.0976993
313 84 0.0978744
313 351 0.0978744
16 96 0.0980078
525 972 0.0985155
525 549 0.0985155
295 497 0.0985826
174 238 0.098692
453 482 0.0988085
217 41 0.0988796
217 316 0.0988796
277 198 0.0988844
277 181 0.0988844
35 420 0.0994613
125 17 0.0998409
151 351 0.0999971
151 308 0.0999971
500 707 0.100062
500 876 0.100062
707 972 0.100237
176 380 0.100305
176 458 0.100305
305 295 0.100456
305 294 0.100456
209 323 0.100661
209 447 0.100661
321 468 0.100805
521 901 0.100937
521 659 0.100937
986 767 0.101105
642 560 0.101354
50 108 0.101354
581 978 0.101354
132 246 0.101354
521 984 0.101354
436 141 0.101354
270 161 0.101354
313 158 0.101354
2 252 0.101354
950 596 0.101354
840 732 0.101354
954 584 0.101354
819 654 0.101354
438 257 0.101354
199 258 0.101354
887 576 0.101354
212 402 0.101354
13 279 0.101354
209 52 0.101354
220 88 0.101354
892 653 0.101354
35 73 0.101354
368 13 0.101354
176 87 0.101354
344 224 0.101354
707 564 0.101629
31 400 0.101695
451 109 0.10183
111 137 0.101923
111 458 0.101923
345 421 0.102156
251 296 0.102162
251 304 0.102162
726 579 0.102555
726 895 0.102555
726 524 0.102555
228 267 0.102629
114 265 0.1028
114 241 0.1028
114 381 0.1028
347 371 0.103431
347 281 0.103431
235 237 0.103446
235 234 0.103446
235 228 0.103446
386 402 0.103601
386 332 0.103601
79 356 0.103822
489 322 0.103822
275 280 0.103822
481 433 0.103822
703 736 0.103822
819 694 0.103822
270 405 0.103822
770 854 0.103822
42 147 0.103822
35 357 0.103822
252 290 0.10394
252 232 0.10394
252 90 0.10394
171 324 0.104024
171 448 0.104024
819 527 0.104172
834 767 0.104181
519 950 0.104337
519 850 0.104337
97 342 0.10451
97 207 0.10451
97 355 0.10451
96 348 0.104567
524 810 0.104664
560 794 0.104781
325 239 0.104804
325 457 0.104804
325 138 0.104804
310 447 0.105014
310 105 0.105014
310 326 0.105014
329 228 0.105095
33 404 0.105123
198 288 0.105377
602 722 0.105377
313 146 0.105377
481 185 0.105377
524 829 0.105377
814 741 0.105377
45 297 0.105377
124 379 0.105377
176 337 0.105377
519 984 0.105377
521 649 0.105377
305 314 0.105377
525 818 0.105377
344 490 0.105377
377 293 0.105377
795 587 0.105377
97 131 0.105377
230 120 0.105377
275 259 0.105377
347 160 0.105377
345 119 0.105377
35 118 0.105377
13 20 0.105377
819 799 0.105377
325 466 0.105377
203 311 0.105377
114 215 0.105377
467 78 0.105377
14 172 0.105377
329 72 0.105377
151 359 0.105377
792 737 0.105377
355 29 0.105566
265 110 0.105835
265 431 0.105835
431 328 0.105857
431 48 0.105857
431 130 0.105857
270 204 0.105955
703 728 0.106035
302 301 0.106049
901 956 0.106101
413 90 0.10635
866 691 0.106371
436 287 0.106478
732 763 0.106564
732 513 0.106564
235 399 0.106696
497 479 0.106746
434 466 0.106799
434 144 0.106799
434 130 0.106799
590 669 0.106834
590 851 0.106834
629 803 0.107049
465 285 0.107136
400 274 0.107191
726 566 0.107269
882 558 0.107332
882 963 0.107332
882 956 0.107332
369 160 0.107535
369 154 0.107535
369 378 0.107535
369 320 0.107535
27 370 0.107669
212 456 0.107763
302 246 0.10779
280 455 0.107961
131 273 0.107995
153 392 0.10801
290 444 0.108296
290 163 0.108296
308 263 0.108305
50 260 0.108306
498 61 0.108342
151 175 0.108399
305 343 0.108874
120 393 0.109026
840 943 0.109184
525 894 0.109809
210 376 0.109877
210 170 0.109877
210 23 0.109877
210 222 0.109877
176 353 0.109929
348 52 0.110008
344 373 0.110068
646 794 0.110074
839 550 0.110115
439 177 0.110152
439 98 0.110152
138 143 0.110288
97 19 0.110431
90 487 0.110649
90 486 0.110649
659 855 0.110722
659 981 0.110722
79 186 0.110871
95 115 0.111057
95 430 0.111057
699 956 0.111193
30 286 0.111202
420 190 0.111238
420 364 0.111238
51 117 0.111244
649 789 0.111268
855 827 0.111629
646 582 0.111998
160 266 0.112084
352 153 0.112104
328 276 0.11214
107 351 0.112197
107 440 0.112197
271 178 0.11227
269 188 0.112297
239 474 0.112302
239 475 0.112302
297 455 0.11237
844 801 0.11257
844 504 0.11257
844 681 0.11257
844 637 0.11257
740 737 0.112689
820 531 0.112721
820 504 0.112721
820 555 0.112721
100 248 0.112723
381 300 0.112823
273 416 0.113034
2 306 0.113146
468 471 0.113218
225 441 0.11346
978 908 0.113463
212 32 0.113659
335 138 0.113679
161 83 0.113761
266 303 0.113798
954 865 0.114029
794 860 0.114311
527 862 0.114656
527 845 0.114656
432 40 0.114799
432 160 0.114799
340 166 0.114891
340 242 0.114891
340 24 0.114891
340 23 0.114891
400 450 0.114913
72 206 0.11497
45 76 0.115086
305 385 0.1151
320 148 0.115109
287 145 0.115114
337 262 0.115167
337 106 0.115167
384 107 0.115374
304 260 0.115426
956 860 0.11553
594 585 0.115577
594 691 0.115577
594 636 0.115577
732 592 0.115815
579 568 0.115855
999 827 0.116026
458 127 0.116098
209 411 0.11617
13 99 0.116317
860 946 0.116541
993 571 0.1166
993 555 0.1166
993 502 0.1166
540 706 0.116737
540 829 0.116737
540 947 0.116737
412 317 0.116764
412 376 0.116764
379 398 0.116907
48 383 0.116914
915 637 0.117064
915 745 0.117064
512 975 0.117216
111 449 0.117355
296 77 0.117635
21 387 0.117716
21 401 0.117716
21 164 0.117716
21 126 0.117716
184 397 0.117737
346 200 0.117737
184 200 0.117737
346 433 0.117737
184 11 0.117737
184 272 0.117737
455 74 0.118029
164 39 0.118031
164 254 0.118031
23 19 0.118256
23 53 0.118256
375 378 0.118274
119 231 0.118435
694 687 0.118571
239 272 0.118595
161 387 0.118595
70 495 0.118757
70 427 0.118757
70 209 0.118757
919 596 0.118772
919 835 0.118772
666 750 0.118843
666 804 0.118843
666 932 0.118843
666 997 0.118843
157 282 0.119213
157 272 0.119213
157 68 0.119213
536 718 0.119443
536 574 0.119443
536 595 0.119443
536 791 0.119443
200 1 0.119539
200 459 0.119539
200 407 0.119539
90 47 0.119601
742 506 0.119622
403 470 0.119645
392 86 0.119689
799 756 0.119794
568 886 0.119867
834 627 0.120015
286 123 0.120015
839 985 0.120015
593 857 0.120015
280 169 0.120015
85 113 0.120015
993 758 0.120015
294 140 0.120015
344 7 0.120015
14 454 0.120015
844 562 0.120015
143 291 0.120015
90 440 0.120015
172 69 0.120015
267 429 0.120015
11 101 0.120015
820 831 0.120015
235 162 0.120015
386 63 0.120015
11 233 0.120015
954 679 0.120015
381 64 0.120015
131 103 0.120015
160 395 0.120015
59 396 0.120015
694 613 0.120282
800 838 0.120303
800 674 0.120303
800 510 0.120303
800 622 0.120303
397 315 0.120413
282 414 0.120413
468 365 0.120437
659 934 0.120456
427 461 0.120607
722 635 0.120924
745 505 0.120986
745 955 0.120986
745 898 0.120986
368 283 0.121062
158 182 0.121241
107 406 0.121313
497 334 0.121324
251 331 0.121438
943 501 0.121623
311 102 0.121625
899 684 0.121682
590 720 0.121704
558 764 0.121996
323 26 0.122038
323 426 0.122038
376 219 0.122154
791 696 0.122263
791 648 0.122263
353 58 0.122636
459 37 0.122656
170 303 0.122696
388 23 0.122696
758 738 0.122744
758 773 0.122744
105 28 0.122761
582 503 0.12279
475 89 0.123012
475 8 0.123012
512 598 0.123392
39 243 0.123641
39 284 0.123641
39 463 0.123641
402 44 0.123726
478 187 0.123753
934 868 0.123797
355 469 0.12394
882 577 0.12405
551 869 0.124059
551 832 0.124059
551 805 0.124059
551 683 0.124059
584 603 0.124269
858 829 0.124355
519 921 0.124529
387 491 0.124681
283 205 0.124784
392 423 0.124903
337 366 0.125078
513 711 0.125132
972 749 0.125159
663 827 0.125665
681 962 0.12601
592 675 0.126014
791 909 0.126029
694 883 0.126029
919 933 0.126029
594 966 0.126029
758 836 0.126029
587 875 0.126029
310 472 0.126029
379 179 0.126029
800 620 0.126029
551 751 0.126029
745 870 0.126029
475 168 0.126029
666 615 0.126029
39 408 0.126029
403 129 0.126032
392 167 0.126087
603 538 0.126334
603 926 0.126334
473 363 0.126587
366 354 0.126846
236 289 0.126866
30 82 0.126936
210 173 0.126976
72 309 0.127153
153 338 0.127392
80 121 0.127403
185 374 0.127422
433 5 0.12783
755 658 0.128134
755 617 0.128134
755 874 0.128134
755 631 0.128134
755 706 0.128134
525 893 0.128191
472 422 0.128488
472 314 0.128488
435 437 0.128763
837 780 0.128767
837 762 0.128767
837 870 0.128767
886 698 0.128841
889 705 0.12896
889 750 0.12896
889 620 0.12896
889 841 0.12896
757 683 0.129071
757 843 0.129071
889 679 0.129369
751 944 0.129618
684 539 0.129689
858 902 0.129827
25 226 0.12999
829 809 0.130348
199 341 0.130351
915 673 0.130554
480 255 0.130689
266 389 0.131007
262 129 0.131407
283 499 0.131469
449 191 0.131524
306 419 0.131668
799 655 0.131716
374 415 0.132002
805 872 0.132065
805 880 0.132065
648 700 0.132102
648 517 0.132102
517 535 0.13215
517 965 0.13215
393 10 0.132394
683 563 0.13244
408 123 0.132574
72 382 0.133055
666 779 0.1331
698 715 0.133388
562 698 0.133388
127 976 0.133638
483 464 0.133741
571 647 0.133809
571 743 0.133809
215 221 0.133866
755 626 0.133908
130 476 0.134057
975 677 0.134295
975 614 0.134295
975 968 0.134295
640 509 0.13507
640 645 0.13507
640 716 0.13507
640 884 0.13507
640 775 0.13507
745 624 0.135518
666 570 0.135518
566 842 0.135518
381 452 0.135518
755 940 0.135518
640 940 0.135518
758 557 0.135518
681 744 0.135518
175 201 0.135518
454 194 0.135518
551 953 0.135518
882 597 0.135518
818 578 0.135865
48 330 0.136221
182 149 0.136288
37 133 0.136534
182 93 0.136756
584 774 0.136905
286 49 0.137173
779 813 0.137485
779 912 0.137485
592 980 0.137578
997 817 0.137878
818 548 0.138353
758 644 0.138353
640 544 0.138353
110 183 0.138353
5 67 0.138353
837 618 0.138353
738 928 0.138353
854 869 0.138544
882 650 0.139028
557 542 0.139326
557 994 0.139326
557 610 0.139326
959 717 0.13934
959 533 0.13934
959 990 0.13934
959 674 0.13934
959 657 0.13934
959 964 0.13934
115 94 0.139513
396 391 0.139797
382 394 0.140064
105 484 0.140107
599 708 0.140425
599 665 0.140425
599 920 0.140425
599 990 0.140425
599 808 0.140425
599 761 0.140425
599 815 0.140425
115 152 0.140678
544 910 0.140947
166 264 0.141129
650 702 0.141186
650 656 0.141186
84 6 0.14123
517 692 0.142035
767 652 0.142271
921 942 0.142875
28 327 0.143568
300 418 0.143618
353 136 0.143722
683 867 0.144278
953 611 0.144424
219 213 0.144509
242 492 0.144945
237 372 0.145061
838 664 0.145145
813 520 0.145411
813 785 0.145411
549 714 0.146244
248 442 0.147445
720 573 0.148216
223 367 0.148671
476 202 0.149871
836 660 0.150512
874 690 0.151143
365 46 0.151221
874 846 0.151571
983 588 0.151823
983 605 0.151823
983 692 0.151823
983 824 0.151823
963 534 0.151828
47 43 0.151908
215 65 0.151956
955 634 0.151973
955 709 0.151973
47 56 0.152092
837 822 0.152092
599 518 0.152092
983 971 0.152092
835 746 0.152092
317 81 0.152755
69 360 0.153144
706 725 0.153165
502 704 0.153374
756 974 0.153452
418 104 0.15346
418 358 0.15346
544 885 0.15367
755 686 0.153813
110 307 0.153882
841 569 0.153974
985 547 0.154211
985 957 0.154211
971 970 0.154283
971 781 0.154283
813 881 0.154481
423 410 0.154703
650 828 0.154771
570 612 0.154909
358 245 0.155334
358 211 0.155334
358 256 0.155334
358 494 0.155334
110 318 0.15555
857 903 0.155597
383 122 0.156463
652 561 0.156828
652 958 0.156828
652 522 0.156828
211 485 0.157103
423 57 0.15732
656 507 0.157426
656 748 0.157426
656 864 0.157426
656 630 0.157426
656 541 0.157426
82 424 0.157437
656 719 0.157807
570 896 0.15901
365 446 0.15901
599 607 0.15901
175 142 0.15901
557 747 0.15901
985 823 0.15901
607 608 0.159013
607 906 0.159013
652 782 0.159949
263 38 0.16011
520 641 0.16012
520 859 0.16012
520 861 0.16012
520 632 0.16012
561 930 0.160544
561 929 0.160544
652 769 0.161081
835 982 0.161212
690 554 0.16143
432 180 0.161652
702 619 0.162397
644 879 0.163006
644 572 0.163006
520 701 0.163419
817 890 0.163501
894 601 0.163551
867 821 0.164439
867 670 0.164439
867 897 0.164439
520 753 0.16547
748 922 0.166128
690 863 0.166688
881 511 0.168868
753 734 0.169723
753 888 0.169723
846 752 0.16978
846 951 0.16978
846 790 0.16978
289 460 0.17151
665 905 0.171738
611 914 0.173136
610 759 0.173208
570 643 0.174696
245 134 0.175339
58 730 0.175774
624 989 0.178215
32 446 0.178224
867 826 0.178312
511 935 0.178439
644 937 0.178485
944 713 0.178516
499 244 0.178563
719 967 0.178834
614 787 0.180019
632 786 0.180478
714 662 0.181569
714 526 0.181569
897 516 0.181683
201 60 0.184533
201 268 0.184533
670 938 0.184554
704 515 0.18497
643 667 0.185026
539 793 0.186031
719 633 0.188627
665 733 0.18879
759 731 0.189555
704 904 0.189563
701 939 0.189573
863 628 0.189677
863 651 0.189677
162 18 0.19106
553 969 0.191194
553 661 0.191194
553 639 0.191194
553 807 0.191194
553 609 0.191194
553 806 0.191194
553 852 0.191194
553 900 0.191194
553 802 0.191194
645 638 0.191213
612 873 0.191991
942 697 0.192838
226 992 0.192935
958 559 0.193175
944 812 0.195172
614 565 0.195871
734 995 0.197351
121 591 0.19751
121 528 0.19751
547 545 0.197524
201 261 0.197831
910 580 0.198003
903 806 0.198128
822 776 0.198298
553 532 0.199552
769 589 0.199616
929 925 0.201287
618 825 0.202803
548 847 0.203542
341 628 0.203755
769 927 0.20453
518 721 0.20552
518 766 0.20552
553 811 0.211757
553 523 0.215241
930 771 0.2169
611 830 0.217083
914 918 0.218197
914 508 0.218197
713 680 0.219537
553 552 0.220189
121 765 0.220189
709 924 0.220189
905 952 0.222708
573 891 0.22294
360 945 0.223269
910 693 0.223881
534 678 0.224431
938 987 0.224737
938 768 0.226561
553 833 0.228154
900 931 0.229789
782 710 0.232044
802 724 0.237047
539 916 0.237739
904 811 0.237887
523 537 0.241825
922 907 0.242619
847 671 0.243316
910 917 0.244324
528 788 0.245127
989 760 0.246347
989 567 0.246347
989 877 0.246347
989 988 0.246347
782 676 0.246492
847 623 0.246497
825 723 0.247856
825 853 0.247856
776 616 0.252873
922 586 0.256443
565 514 0.259411
601 600 0.262052
601 735 0.264099
567 754 0.267362
567 685 0.267362
925 991 0.268379
508 996 0.271948
877 543 0.272902
877 777 0.272902
952 772 0.275878
873 695 0.281759
616 797 0.283315
633 625 0.283553
633 973 0.283553
526 796 0.284785
771 961 0.284877
995 546 0.285735
693 621 0.294487
178 672 0.296926
891 923 0.298665
916 878 0.300186
460 784 0.31764
678 871 0.321814
508 979 0.33743
772 668 0.386325
680 575 0.396863
676 556 0.418415
824 960 0.471839
