0.080366 0.248434
1.753995 -0.108519
0.901995 0.429164
-0.169633 0.967148
0.680937 0.710074
1.797034 -0.330088
0.780752 0.187366
-0.591504 0.970120
1.980335 -0.143118
-0.940011 0.167671
0.239286 0.084984
1.781307 -0.231553
0.083662 0.134062
-0.630735 0.763535
-0.178100 0.996365
-0.387552 0.967244
0.032786 0.125726
-0.469357 0.952634
-1.072397 -0.150995
1.089195 -0.422712
-0.582254 0.680651
-0.921747 0.453318
1.532375 -0.365608
1.017605 -0.408208
1.089771 -0.531017
0.360017 1.034520
0.140131 -0.179575
0.685469 0.744783
0.266466 -0.055988
1.291111 -0.572179
-0.693434 0.678422
-0.342149 0.891410
-0.041813 0.802528
1.542185 -0.321924
0.644197 0.646605
0.474812 0.890828
-0.984635 0.214924
1.710396 -0.085314
1.198294 0.205327
-0.823432 0.499913
0.653973 -0.443542
0.813699 0.620276
-0.248220 0.901498
1.117049 0.457303
0.045860 0.987409
0.851885 0.395749
0.047468 0.613951
1.042170 0.395155
1.903653 0.215162
-0.611197 0.535885
1.326067 -0.421936
0.578612 -0.300348
0.142160 -0.009998
1.087573 -0.494676
0.385350 0.813618
0.087283 0.240186
1.089296 0.529799
-1.075664 0.607334
0.254985 1.076295
-0.720827 0.761689
1.025865 -0.150464
1.359477 -0.400708
-0.268207 0.996381
0.037911 0.955754
2.099028 0.201868
1.968798 0.426136
0.486819 -0.389453
1.887987 -0.376093
1.938027 -0.181377
0.028585 1.030952
0.041229 -0.002471
0.717055 0.745161
-1.056368 0.227445
0.497705 0.835726
0.883634 0.647863
0.712075 0.657245
0.925323 0.484358
1.393815 -0.312449
-0.110190 1.049240
1.574011 -0.332042
-0.397284 1.009366
0.875025 -0.162552
-0.673469 0.553066
-0.823514 0.203838
0.920057 0.210607
1.306243 -0.548082
-1.021482 0.421263
0.371712 0.858949
0.805933 0.493729
2.052441 -0.042238
0.926525 0.364650
0.522784 -0.386366
-0.335346 0.948268
0.908937 -0.032987
0.118320 0.572340
0.031820 0.398916
0.074399 0.096696
1.179434 -0.486366
-0.765548 0.887605
-0.519700 0.798189
1.538013 -0.362521
1.726688 -0.320719
1.307535 -0.664839
1.135277 -0.396467
2.138877 0.410687
0.204923 -0.032870
0.172770 1.008373
1.034754 0.181795
1.337412 -0.383337
-0.075254 0.149261
1.956980 0.295759
0.315167 0.876520
0.054975 0.149375
1.210242 -0.617321
2.028763 0.178694
0.076647 0.440549
0.559407 -0.348681
0.651858 -0.252828
0.562128 0.873595
-0.542452 0.842484
0.083721 0.082329
-0.461905 1.119164
1.709327 0.293706
-0.678167 0.537223
0.525462 -0.398074
-0.403004 0.970561
-0.962994 0.514416
0.294966 0.816725
-0.199529 0.911979
0.079044 0.880772
1.901425 0.098269
1.245562 -0.407520
0.477652 0.863836
1.641462 0.019331
1.942826 0.628703
0.527607 -0.309157
0.182695 1.091631
0.272765 0.842356
1.936448 0.054059
-0.273863 0.989475
0.355609 -0.114498
1.307790 -0.457388
1.018784 -0.076611
1.955974 0.057073
2.001138 0.165101
1.185686 -0.267888
1.026571 0.240256
-0.174316 0.841262
0.793507 -0.582709
0.909162 -0.029710
0.079446 0.188682
0.980097 0.157374
-0.063120 0.456535
-0.989746 0.299859
0.759921 -0.432763
0.707907 0.722184
-0.138660 0.972554
1.885887 -0.125184
0.996940 0.122692
-0.001032 0.256397
0.663440 -0.443237
-0.906049 0.282130
-1.043024 0.037794
0.779143 0.344325
-0.867769 0.495840
0.042445 0.305293
0.928531 -0.524055
-1.099117 0.418514
2.045929 -0.052452
0.762396 0.485853
0.861293 -0.415940
0.384121 -0.349549
-0.082463 0.995605
0.952341 -0.544539
0.654043 0.686912
0.978121 0.048993
0.321432 0.894249
-0.735663 0.829589
-0.697538 0.947353
0.414097 -0.500714
0.758686 -0.231620
0.436846 -0.298698
0.979806 0.083974
1.899142 0.381337
1.797075 -0.190805
1.667384 -0.298976
1.669685 -0.276016
1.527664 -0.505021
1.251824 -0.613968
0.485560 -0.341669
0.652983 0.941394
0.134502 0.846576
0.450605 0.945125
0.024596 0.223391
-0.002075 1.125055
-0.689466 0.694671
0.448412 0.969395
0.407202 1.033914
0.420222 -0.222200
0.482731 0.981165
1.743525 -0.143521
1.080163 -0.008237
1.665040 0.088812
1.325185 -0.491279
-0.848214 0.227519
-0.883070 0.726748
-1.110286 0.182181
1.138174 -0.561665
0.409749 0.914502
0.102120 -0.060657
0.955773 -0.417609
1.874541 0.429494
-0.110284 0.893248
0.991305 -0.213627
0.173946 0.213607
2.006790 0.279006
-0.978746 0.273988
0.788488 0.681248
-0.903271 0.215001
0.962658 -0.345495
0.853728 0.457932
2.057005 0.403097
0.952034 -0.353463
0.442503 -0.191228
-0.498327 0.932513
0.529103 0.945344
0.316911 1.157155
0.048077 0.312987
-0.984186 0.166987
0.118778 0.196267
0.043727 0.153957
-0.548242 0.797956
0.887408 0.331032
1.867284 -0.217849
-1.002355 0.084047
-1.040507 0.143142
0.943106 0.462322
-1.035228 0.069805
0.556036 0.698520
1.951826 -0.055152
-0.907346 0.275527
2.080641 0.145133
0.943895 -0.490652
-0.894335 0.588201
-1.059676 0.695438
1.946656 0.539357
0.527837 0.832853
0.396459 0.960823
1.605033 -0.453157
0.527740 0.832576
-0.012141 0.245305
1.443365 -0.324372
0.884543 0.376450
0.000407 0.152653
-0.821543 0.391543
-0.160131 0.334019
1.905995 0.577805
-0.749585 0.751888
0.455421 1.027338
0.648503 0.572412
1.413437 -0.485942
1.230741 -0.136546
0.168192 0.973591
1.124242 0.178686
0.862961 -0.608457
1.999332 0.237390
0.716200 -0.463652
-0.996052 0.110757
1.153020 -0.051818
1.286900 -0.507290
-0.948421 0.261943
-0.593387 0.907973
1.908717 -0.165634
1.224481 -0.388167
-0.485314 0.886071
0.664590 0.644864
1.821896 0.181526
0.396920 -0.244616
-0.338901 0.907273
-0.603440 0.701023
0.754246 0.594185
0.534851 -0.372808
1.824960 -0.070680
-0.775267 0.670658
-0.791568 0.448956
0.836938 0.604557
-0.677477 0.655983
1.251394 -0.361095
0.453403 -0.143605
0.971454 0.585980
0.837500 0.389625
1.902653 -0.043328
0.069541 0.312901
-0.223524 0.797591
0.336284 -0.230310
0.386197 -0.313181
1.507533 -0.342551
0.906126 0.473402
-0.270639 0.982086
0.497655 -0.381382
2.094623 0.254764
0.643632 0.850658
0.620180 0.777253
0.817065 -0.454599
1.452251 -0.417636
0.369194 -0.250208
0.790785 0.450004
1.844864 0.401161
1.023209 0.173134
-1.116470 0.339497
0.194065 -0.089469
1.260059 -0.552863
0.393822 0.991557
0.964285 0.171692
0.278007 -0.223321
1.628842 -0.109797
0.789080 0.644803
0.862999 -0.297511
1.818442 0.366490
1.544100 -0.307356
0.719247 -0.515276
0.037781 0.285254
0.127537 0.384204
0.085714 -0.134878
0.421870 -0.340301
1.892525 -0.006156
0.153333 -0.143777
0.345975 0.004052
1.865046 0.136089
-0.972678 0.193206
1.829625 0.329512
1.461394 -0.204280
-0.020561 0.838204
-0.330025 0.946741
0.205467 -0.298164
1.955282 0.058474
-0.251849 0.888703
0.231050 0.909360
-1.004204 0.426428
-0.382287 0.932274
1.020388 -0.477972
0.578872 1.069189
1.122075 -0.531449
0.389393 -0.143224
-0.528779 0.883115
-0.641986 0.826650
1.691840 -0.243602
0.570669 -0.407336
0.080805 0.072023
-0.318823 0.981046
0.445211 -0.295190
0.996809 0.139951
-1.044597 0.273023
0.230564 0.956115
0.223294 1.067143
1.241764 -0.541334
1.501591 -0.403818
0.537140 0.817183
1.955034 0.451081
0.918058 0.079935
0.075530 1.176723
0.064565 0.260616
0.609031 0.644096
1.487518 -0.189684
0.572593 1.002459
0.024755 0.479997
0.272171 1.027485
0.556882 -0.096252
-0.683582 0.749714
0.723972 -0.451778
0.727330 0.843981
0.619592 -0.398268
-1.162302 -0.000158
-0.503115 0.776081
1.791964 -0.325739
0.736744 -0.528027
0.915558 -0.382345
-0.276572 0.872069
0.678131 -0.538893
0.449070 -0.452237
0.382462 0.864399
1.985245 0.231874
-1.110151 0.105744
1.789996 0.189904
1.030586 0.243689
0.289725 -0.333471
-0.063157 0.903907
-0.834586 0.376776
0.981902 -0.393407
0.667218 -0.585158
-1.007250 0.331395
-0.922642 0.728065
-0.996894 0.344700
0.116464 0.035558
-1.099712 -0.016793
0.771087 -0.403720
-0.823661 0.733848
1.736815 -0.152715
0.372855 -0.452961
-0.966998 0.065808
-0.441770 0.911842
-0.885867 0.516371
-0.072215 0.950445
-0.046982 0.881966
1.623194 -0.254928
-0.854242 0.299299
1.136087 0.248492
1.766962 -0.188994
-0.788844 0.487763
-0.285109 0.956194
-1.099332 0.587918
0.158189 -0.162401
0.887825 -0.406194
0.953747 0.378310
1.721159 -0.013330
1.864248 -0.348781
1.190926 -0.334309
1.535454 -0.360041
2.036149 0.376645
0.663725 0.484533
0.565056 0.932644
-0.675032 0.882990
0.252793 -0.127349
-0.999696 0.469572
-0.583498 0.441981
1.337993 -0.481469
0.095529 -0.255335
0.067165 -0.037136
0.735628 0.656214
-0.881247 0.088949
0.014038 0.461550
1.926685 0.166528
0.663914 -0.362577
1.675967 -0.289060
1.957004 0.122643
0.478385 -0.225890
1.247307 -0.467495
0.591918 -0.165143
-0.714710 0.734163
-0.725601 0.785132
0.951062 0.253910
0.620460 1.012628
1.637862 -0.492965
-0.182574 0.867300
0.745702 0.427733
-0.271717 0.904657
-0.010077 0.627152
0.152400 -0.044235
0.366905 -0.411405
0.204250 0.914856
-0.536816 0.976427
-0.024693 0.187437
2.082022 0.224288
0.691110 0.698415
-0.088515 1.058086
0.859852 0.575802
-0.138108 0.789139
1.859491 0.075872
0.338942 0.924172
1.729688 -0.120288
1.046199 0.732707
0.014665 -0.035654
0.648660 0.625725
-0.877506 0.499462
-0.355566 0.723962
0.765143 0.684078
1.909610 0.089042
-0.134191 0.963878
-0.019700 0.368065
1.119371 -0.560854
-0.044270 0.822258
-0.001410 0.442508
0.227034 -0.106464
1.562712 -0.291518
1.913118 -0.098034
2.010927 -0.039516
1.768837 0.078477
0.418809 0.994375
1.498851 -0.384669
0.262033 -0.279773
-0.042204 0.277690
1.582648 -0.298860
0.644702 0.785647
-0.345240 0.813868
0.271685 0.090308
1.821793 0.535542
1.026096 0.387363
0.961029 0.375627
0.051584 0.254900
0.118431 0.281947
-0.566524 0.798964
-0.772069 0.426754
0.924373 -0.634276
0.384420 0.929089
1.950398 0.602569
0.001464 -0.059636
-0.098235 0.981418
0.325899 -0.312849
1.257450 -0.403027
-0.893192 0.728777
-0.765991 1.978162
0.831281 1.928562
0.499370 2.047319
-1.091637 2.170673
0.690082 2.099476
0.713833 2.282092
1.117333 2.001037
-1.214353 2.042073
1.488799 1.353714
0.887180 1.501395
1.050687 2.194912
1.551471 2.343787
-0.551829 2.477158
0.940299 1.986707
0.042418 2.489891
0.292348 2.195141
1.613381 1.833948
-0.819097 2.699796
1.087746 2.688072
-1.086590 2.526924
1.450996 2.272451
-1.088576 2.426007
-0.473856 2.789571
0.021636 1.848326
0.933063 1.731684
-0.826804 1.925291
-0.655920 1.622136
-0.615409 2.022438
-0.310594 1.202599
-0.746368 2.114763
-0.987498 2.061253
0.839747 2.116775
-0.009919 2.155305
1.012756 2.264374
-1.364259 2.435514
-0.707561 2.710377
-0.692325 2.591910
-0.060113 1.620738
1.213573 1.967181
-1.175858 2.661153
0.856630 1.715586
-1.174587 1.984214
0.621082 1.855992
0.306314 2.840439
0.966729 1.443050
-0.105776 2.425250
1.547135 2.913352
-0.264902 2.444575
-1.000491 1.824547
-0.785260 1.874162
-0.481761 2.555424
1.257009 1.641822
0.023799 2.040470
-0.132898 1.998152
0.569838 1.475427
0.670305 2.114413
-0.041622 3.294522
0.550515 1.886895
-1.106247 2.274001
-0.265628 2.765462
-0.928213 2.156484
-0.599662 2.775919
0.712509 2.094340
1.276496 1.815377
-0.821389 2.100216
-0.207606 2.420739
0.952486 1.675610
0.192930 2.465411
0.901131 1.792841
1.230811 2.312788
1.397728 2.041936
0.536657 2.120985
0.333752 2.080689
-1.026453 1.807209
-0.745791 2.611437
2.104673 1.404140
-0.866667 2.025138
-1.150610 2.194292
-1.033348 1.887934
1.016978 1.794236
1.056651 1.166156
-0.722087 2.064460
-1.027952 2.188595
1.016682 1.851466
1.127058 1.872018
-0.892917 2.380923
-1.694653 2.091065
-0.836806 2.226278
-0.916156 2.831595
-0.262970 2.852015
-0.964872 2.069701
-0.492962 1.259241
0.848481 1.900399
-0.544775 2.295301
-0.830153 2.428932
-0.608743 2.576541
-1.179887 2.550495
-1.253141 2.301211
-0.456178 2.405062
1.044684 2.559164
-0.760407 1.418620
-0.799381 1.677758
-0.688551 2.339302
1.180006 1.984443
-0.842270 2.042922
-0.780143 2.878169
-0.609790 2.425796
1.184332 2.573912
1.235849 2.722511
-0.247264 2.138565
0.603697 1.776614
1.426828 1.606488
1.539636 2.004941
-0.618473 1.833864
-0.400080 2.384420
1.315501 2.068705
0.522997 2.681362
0.843329 1.557428
0.801945 2.428492
-1.397081 2.112652
1.159925 2.162078
1.374803 0.997596
1.065962 2.071131
-1.112680 1.520185
0.549938 2.352086
-1.651128 1.759950
0.915016 1.518264
-0.456440 2.639812
0.634834 1.265108
-0.651522 2.304984
-1.237883 1.939695
0.658945 1.519832
1.557299 2.375460
-1.406721 1.829263
0.402232 2.307470
-0.783756 2.344379
-0.744341 2.397297
0.682199 2.163403
1.229763 1.396084
0.004625 1.998678
1.020672 1.491901
1.384244 2.374162
-0.974419 2.121616
1.486328 1.891375
0.409049 1.940383
1.070950 1.440972
-0.920996 2.155368
0.489742 2.163296
-0.799326 2.632869
-1.155170 2.353959
-1.228486 2.202991
0.635622 1.266585
-0.528175 2.658524
-0.591749 2.505461
-0.707358 2.087984
-0.509471 2.115809
-1.208809 2.076837
1.007778 2.369147
0.799689 1.435541
-1.030139 2.435200
0.439681 1.842322
-0.190548 2.157521
-0.646184 1.588127
-0.856870 2.341361
0.935898 2.208517
1.134044 2.562981
1.287700 2.034700
1.651435 1.948700
0.897765 3.277407
-1.006690 2.060713
1.510671 1.770898
-1.180628 1.568208
-0.838786 1.208531
0.533588 2.132279
1.099673 2.254376
0.830783 1.952243
-0.254038 2.934036
-0.408047 2.421381
-1.559962 2.326680
1.100600 2.018398
1.743048 1.567625
0.728993 2.225481
-1.182129 2.547784
1.273081 1.686100
-1.088274 2.565507
0.197246 2.681425
0.741837 1.386885
-0.622991 1.853185
-0.619003 2.389782
1.042071 1.871141
0.666885 1.515468
-0.748153 2.403744
-0.879101 2.828534
1.198715 1.218753
-0.666989 1.943927
1.836722 2.207557
-0.828728 2.576231
-1.126870 2.861604
0.822248 2.018513
-1.044057 2.328807
-0.861946 2.645189
1.573715 2.380367
-1.278546 2.217974
-0.616700 2.307404
0.352886 2.092772
1.226530 2.113315
0.782559 1.628070
-0.779590 2.007581
1.106076 2.632225
0.390332 2.285092
-0.255494 2.906691
0.969693 2.038595
-0.549045 2.503091
1.544888 1.548984
-0.710504 1.748469
0.824788 1.982534
1.065398 1.502289
0.962651 2.277838
-0.690885 2.708311
-1.351602 2.009657
-0.998806 1.952824
0.897573 2.751953
-0.723675 2.422665
0.586709 2.740141
-0.324572 1.753484
0.690930 1.687723
0.952020 1.782878
-0.611157 2.378366
-0.538548 2.235740
-0.628462 2.509795
0.356310 1.219926
0.351455 1.602129
0.964012 1.892300
1.311352 2.627815
1.516689 2.458547
-0.850982 1.418749
-0.522158 2.279572
-0.727502 2.231749
0.592615 2.005114
1.047795 1.819549
-0.779232 2.131635
-0.995821 2.028035
1.034905 1.914348
0.526923 2.122937
0.831663 2.188702
0.652359 2.291550
-1.310152 2.651680
0.434446 1.809825
-1.306268 2.091095
-0.840243 1.839225
1.282334 2.117256
1.273811 1.651036
0.505723 1.633778
1.412482 2.433376
0.027063 2.651525
0.782197 1.535308
-0.571277 2.013915
1.208978 1.713634
0.508069 2.001650
0.528752 1.645394
0.329730 2.585432
1.106594 2.435197
0.692674 2.386707
0.958490 1.951987
-1.227748 2.284975
-0.343836 1.238118
0.933205 2.823554
-0.597811 2.534460
1.871131 1.810836
-0.368941 2.682850
1.064232 1.828983
-0.471251 3.046370
0.745381 2.989867
0.564767 1.988579
1.263062 1.856336
1.026327 1.427794
0.689998 2.607532
0.385891 2.768811
-0.878081 1.997465
1.383233 2.127377
0.844093 2.385461
-0.787380 2.877743
-0.464108 2.805082
-0.584206 2.340450
1.323496 0.887632
1.519250 2.107338
1.719115 2.455385
-0.220288 2.375377
-0.214795 1.327418
-1.130976 2.417720
0.502855 1.605710
-0.757534 2.518846
-0.668741 2.307023
-1.122449 2.839352
-0.950642 2.180458
-0.851308 2.131676
-0.387310 1.558156
0.509763 2.898348
-0.984241 2.039631
-0.634062 2.073074
1.108404 2.136098
0.664913 2.125564
-0.266265 1.983248
-0.724360 2.226536
1.283443 1.918153
1.276125 1.630304
-0.285208 2.085591
-0.230188 1.874751
1.169884 2.496904
0.729939 1.820630
0.964001 1.706456
0.061871 1.915050
1.379091 1.405082
1.436416 2.149476
-0.931134 2.076357
1.048957 2.430271
-0.774934 1.974506
1.372538 2.231265
-0.907553 1.872951
-0.719077 2.032671
0.735256 2.130292
1.495014 1.590383
0.679162 2.409530
-0.229287 2.502108
-0.807623 2.882875
0.798543 2.615471
1.525557 1.859775
-0.926072 2.337513
-1.338019 2.093645
0.846453 1.762787
1.438493 1.389719
0.847820 2.117854
1.230012 1.620157
-0.184581 1.775929
-0.543164 2.569610
-1.194916 2.622433
0.490050 1.971197
0.772077 2.338970
1.068254 2.216258
-0.492068 2.492555
0.998113 1.875732
1.207087 2.171833
0.905539 1.570022
1.260768 1.825605
0.674601 2.204523
-0.537585 2.071156
0.612889 1.530429
-1.126254 1.766308
1.012310 1.853915
-0.592092 2.336428
-1.039547 2.548196
-1.008286 2.158906
-0.272429 2.128866
0.620741 2.682706
1.080783 1.728643
-1.020878 2.390552
-0.745909 2.013490
-0.536882 2.177238
0.856624 1.703105
1.380781 2.409378
-1.016196 2.274105
1.535164 2.192563
-0.559365 2.023274
0.634620 1.351932
-1.268483 2.040462
1.180124 1.961417
-0.691660 2.313615
1.412942 1.721525
-0.929585 2.454790
1.144540 1.641552
0.703783 2.313245
-1.843617 2.333308
1.167393 1.623697
1.711805 2.089901
0.760067 1.494201
-0.875799 2.218426
-0.774487 1.928430
0.360791 2.599630
-1.422457 3.036089
0.250973 1.907620
1.327575 1.622772
1.399147 2.299394
-1.150878 2.318342
-0.590829 1.912867
1.060143 1.525132
1.116068 1.479277
0.832084 1.890824
-0.819658 2.023547
1.490629 2.519307
1.203065 2.097374
1.266995 2.354649
-1.066842 1.591153
-0.609301 2.518594
-0.881552 1.809379
-0.871027 1.824781
0.903405 1.761314
1.493429 1.920124
1.443139 1.832236
0.657364 2.364533
-1.146294 2.458548
-0.060550 1.880855
-1.126971 2.391891
0.744444 1.637754
-0.397098 2.125901
0.181878 2.010978
1.015892 2.687616
1.256977 2.690405
-1.646312 2.098129
-0.706326 2.164165
-0.718138 2.599374
1.022494 1.356843
1.036551 1.843070
1.412891 2.231376
-0.799270 2.083011
1.550734 1.556411
0.654682 2.181071
-1.227145 2.893294
1.110035 1.128740
1.558368 1.367915
-1.145723 2.601426
1.053580 2.611220
-1.083780 2.651421
-1.446080 2.154110
-1.048955 1.404860
0.222269 2.307473
-0.494952 2.986965
1.129381 2.028900
-0.230112 2.833046
0.577705 1.902020
-0.519645 2.787198
-0.530966 2.854843
-0.017921 1.682662
1.365834 2.058591
-1.160460 2.600609
-0.921671 2.382813
1.619070 2.506496
-0.580638 2.462191
0.233256 1.971265
1.653245 1.872928
1.756554 2.365359
0.905217 1.536340
-0.588068 2.286122
-1.035183 2.750893
0.901180 1.925983
1.373872 1.600184
0.040036 1.393655
-1.091657 2.237793
0.926347 1.716501
-0.866564 2.027880
-0.601317 2.382007
-1.128019 2.508873
0.531511 1.464224
0.867556 2.742517
1.350819 1.686440
1.079278 1.908193
0.535967 2.266784
-1.102254 2.351184
-0.248794 2.518273
-0.451709 2.713594
1.016297 2.322322
-0.893267 3.346876
-0.518999 3.275236
0.847549 2.268178
-1.253454 2.337394
1.013635 2.341032
-0.872338 2.682199
-0.850054 2.483792
-1.285733 1.854486
-0.446847 2.342147
-0.237201 1.891351
-0.709641 2.773843
-0.752881 2.794008
-0.750744 1.911584
-1.648153 1.909750
-0.521148 1.887457
-0.458635 2.406063
0.233219 0.769205
1.026839 1.806227
-0.698536 2.099663
1.532648 1.019145
0.710906 1.899430
-0.975076 2.433458
-1.355965 2.629689
-0.890018 2.794394
-1.032281 2.439375
-0.383265 2.510576
-0.582759 2.434482
1.794810 1.736921
0.343290 2.566228
0.406237 2.413581
1.020840 2.450311
-0.427889 3.233883
0.355640 1.346163
0.597225 2.076873
0.560748 1.845604
1.550110 2.639535
1.521842 1.123533
1.347982 2.109732
-0.879682 2.188060
-0.925527 2.266851
