0.118678 0.093215
0.333930 0.986968
0.078689 0.949971
2.074322 0.030927
-0.786501 0.436800
-0.415826 1.040158
0.601328 0.707055
0.837218 0.376248
-0.269599 0.736373
-0.106631 0.823550
0.053252 0.277811
-0.969711 0.201854
1.879511 0.092889
0.364160 -0.454595
1.126265 -0.538561
2.068991 0.466657
0.498879 0.842342
0.360414 -0.238369
1.094218 0.382776
1.691335 -0.345202
1.038456 -0.625519
0.109693 0.033871
0.336716 -0.037724
-0.228363 0.918669
1.598424 -0.238633
-0.726592 0.693669
1.018313 0.225642
-0.362934 0.995501
0.954245 -0.431050
0.280908 0.962445
1.202364 -0.479602
0.765340 0.566234
1.021278 0.299734
0.970839 0.216064
0.311673 -0.192509
0.507425 -0.311951
1.063758 0.479252
1.679331 -0.207811
0.117462 0.160706
-0.313352 0.952679
2.023360 0.076495
0.785638 0.637392
1.723327 0.001809
-0.869423 0.562001
1.179823 0.018135
0.953912 0.416008
0.746605 0.247505
-0.107876 1.221127
-0.045994 1.042334
0.959969 0.214907
0.591271 -0.386151
-1.092238 0.247296
1.477282 -0.331239
1.836550 -0.223001
-0.254181 0.947905
1.192711 -0.396472
0.599539 0.885947
0.365884 1.028828
1.227245 -0.368720
1.632329 -0.169924
1.658547 -0.387639
0.987090 0.171621
0.506980 0.932360
0.533621 0.983114
0.872871 -0.686132
1.132777 -0.364968
-0.970341 0.374551
0.503414 0.841161
-1.005131 0.056565
-0.847983 0.221471
0.854612 -0.636024
-0.998240 0.388199
1.032170 -0.369529
-0.794177 0.687397
0.790736 -0.478243
1.401412 -0.206773
1.971054 0.716209
-0.878080 0.447024
1.373112 -0.403592
1.105121 -0.509506
0.959192 0.055115
0.922705 0.060140
-0.502811 0.813763
0.447484 0.943652
-0.656140 0.533691
0.057501 1.161433
-0.847188 0.136771
0.593867 -0.566737
1.284817 -0.408766
1.396340 -0.200199
0.092766 -0.177420
0.431505 0.851883
0.790751 0.689726
2.035541 0.119953
0.612870 0.755227
-1.071402 0.199095
1.869295 0.047700
-0.913270 0.001162
1.574239 -0.379273
-0.449425 0.557731
0.692298 -0.403151
-0.497499 0.936659
0.336517 -0.294223
0.272241 -0.291044
0.347919 -0.062078
-0.170548 0.798381
0.370851 0.718415
0.041771 0.854321
-0.024598 1.090708
1.224639 -0.501349
2.011178 0.320457
0.455947 -0.665858
-0.929264 0.491756
1.967578 0.164756
0.622301 0.767493
-0.101952 0.403466
-0.368721 0.913747
1.939908 0.164915
1.017178 0.336624
0.988095 0.145907
-0.971065 0.415879
1.931837 0.228464
1.031862 0.292181
1.081255 0.121754
1.867628 0.093734
0.974524 0.264372
0.920029 -0.564998
1.890459 0.344175
-0.415048 0.869510
0.284264 0.949574
2.032892 0.272093
1.362795 -0.436689
1.477047 -0.452929
0.747456 0.645728
-0.713580 0.769466
1.224096 -0.472948
1.321628 -0.410629
-0.035482 0.106573
0.204428 0.230094
0.932289 -0.490954
-0.870232 0.304938
0.180513 0.814918
0.404410 -0.250622
-0.079650 0.794129
1.434305 -0.286218
-0.330051 0.979349
0.722314 0.718878
1.250611 -0.412991
1.040063 0.251495
2.068337 0.442792
1.301055 -0.491548
0.304913 0.791550
-0.494376 0.805599
-0.928626 0.061258
1.073930 0.378575
1.730956 -0.425066
1.273596 -0.374462
-0.903890 0.151448
-0.018472 0.419615
0.825381 0.387658
0.883399 0.669912
-0.504169 0.874003
-0.112481 0.917366
-0.960149 0.067219
-0.710409 0.534832
0.270608 -0.279857
0.743917 0.617013
-0.899837 0.266411
-1.065424 0.186935
1.171311 -0.460187
-0.461085 0.902143
0.911357 0.371415
0.435455 -0.305702
0.993828 -0.352427
1.161155 -0.451910
0.776372 0.775146
-0.958823 0.193593
-0.905164 0.018485
0.949134 0.028934
1.958055 0.057947
0.636082 -0.221130
0.969088 -0.616120
-1.058760 0.155034
-0.233029 1.050572
2.071771 0.379995
1.903192 0.218355
-1.054290 0.162366
0.630783 0.737186
-0.938090 0.207839
-0.943748 0.471186
0.363825 1.067906
0.931772 0.591056
0.083724 1.121571
0.355205 -0.424207
0.826362 0.402437
0.840809 -0.569523
1.035591 0.122554
-0.501353 0.956647
1.776856 -0.092505
-0.224753 0.480584
0.139024 0.992549
1.767532 -0.352945
-0.317263 0.932226
0.520287 0.573891
-0.046838 0.091743
0.806629 -0.253427
0.625014 0.958960
0.169073 -0.249343
1.478579 -0.553020
-0.931892 0.742621
0.040497 0.221369
1.534937 -0.335481
0.935159 0.525410
-0.062384 0.396536
0.359371 0.950613
1.894745 0.521804
-0.995649 0.139806
1.081407 -0.505865
-0.030229 1.091897
0.689343 -0.470804
0.723361 1.060731
0.472539 0.966993
-0.133809 0.858704
-0.894160 0.497369
0.257528 1.049368
0.050681 -0.072578
-0.985436 0.746546
-0.822573 0.784546
-0.459092 0.930905
0.842059 0.499275
-0.544839 1.032455
0.212187 1.067542
0.060813 0.883644
0.338979 0.906228
1.296468 -0.398093
0.347430 -0.029528
1.688848 -0.286867
0.993374 0.489406
0.177780 -0.087998
0.943203 -0.554615
-0.075185 0.275120
0.919462 -0.547144
0.885501 0.290379
1.988127 0.378375
-0.203892 0.914139
1.183639 -0.514035
0.725021 0.522282
-0.103298 -0.022226
0.281733 1.103155
-0.015221 0.108811
-0.550638 0.625699
0.842189 -0.457081
-1.017299 0.005446
0.558130 0.758485
0.017915 0.495431
1.126386 -0.200656
-0.069967 1.048741
0.393118 -0.211372
0.837850 0.349792
-0.971127 0.435769
0.911866 0.751706
-0.918395 0.611070
0.786083 -0.449543
0.725507 -0.426063
0.598938 -0.422048
1.819448 -0.046279
-0.553557 0.790298
0.081717 0.126997
1.989856 0.085222
1.652137 -0.079052
-0.186556 1.110298
0.974894 0.533192
1.582428 -0.450818
0.016862 0.586584
0.444072 -0.322028
0.471941 -0.468611
0.236744 -0.226136
-0.160431 0.030302
1.489160 -0.368272
-0.086575 0.907676
0.873718 -0.576685
-0.464657 0.827786
-1.046694 0.064670
1.329291 -0.355668
2.028896 0.448056
0.877514 -0.538497
-0.403120 0.963422
2.147447 0.328975
0.505275 0.733817
1.714639 0.074922
-1.032250 0.417307
0.327824 -0.032074
-0.718718 0.507447
0.959300 0.268769
-1.057410 0.305407
0.097085 -0.210920
0.012837 0.375613
1.580554 -0.166613
0.657014 -0.484724
0.529598 0.707983
0.318484 1.066418
-0.611446 0.569977
0.348839 0.880416
-0.222737 0.398899
-0.716398 0.484569
-1.045803 0.166314
0.712155 0.880366
0.750228 0.689654
-0.969390 0.415745
0.730699 -0.419845
0.249241 -0.171415
-0.234199 0.968544
-1.004317 0.373932
1.472362 -0.467946
1.893808 0.503849
-0.397432 0.882809
0.096342 0.247546
2.023083 0.276624
-1.053084 0.392309
0.490530 -0.357522
-0.987514 0.775660
-0.176411 0.953243
2.104889 0.226401
-0.094920 0.121450
1.150144 0.121154
1.684084 -0.055881
0.764869 0.357255
-0.728301 0.560211
1.560499 -0.227621
0.949679 -0.619920
2.052712 0.418782
0.489156 0.951202
1.893931 -0.124008
-0.858635 0.327662
0.941411 0.235455
-0.808309 0.509698
1.062889 0.335131
0.862538 0.349197
0.030060 1.039685
1.889548 -0.056169
1.779641 -0.095886
1.906766 0.352439
0.961910 0.497851
0.008098 1.111125
0.720054 -0.397558
0.363085 -0.296973
-0.972913 -0.033012
1.795566 0.122687
-0.396882 1.032809
1.943003 0.198117
0.703851 0.303693
0.726773 0.625758
0.047469 0.001747
-0.359166 0.957094
0.170700 1.069810
0.351235 0.918879
1.934716 0.020903
0.617589 -0.458637
0.400666 -0.243226
0.695006 0.834959
1.253175 -0.271140
1.745218 0.250124
0.191925 0.265569
-0.182919 0.383360
1.447598 -0.572955
-0.668594 0.734440
0.886213 0.323368
-0.031211 0.307470
1.728063 -0.306737
-0.261085 0.806763
-0.637000 0.760644
-0.964563 0.741058
0.293291 -0.234675
0.956940 0.464753
1.222568 -0.646069
-0.346016 0.994985
0.236373 -0.305231
0.015770 0.246781
-0.315639 0.840967
0.390866 -0.292515
0.159867 0.066976
-0.828287 0.685661
0.110555 1.204503
1.553174 -0.330124
1.896004 0.236315
0.994696 -0.592356
1.773445 -0.115414
0.874062 0.381961
1.888237 0.104339
0.114334 0.280928
0.534637 -0.281292
-0.477442 1.041758
0.238614 0.000864
1.614356 -0.228719
1.254468 -0.415871
0.932829 -0.052464
1.348967 -0.335499
0.376875 -0.056138
1.498667 -0.376602
-1.028272 0.204286
0.295563 -0.075337
0.644040 -0.349496
-0.750422 0.513940
-0.096568 0.933694
1.755833 -0.291994
-0.773520 0.482348
1.619023 -0.297935
1.011775 -0.593926
0.140190 1.054859
-0.863326 0.667969
0.923949 0.617030
-0.243633 0.971740
0.189209 0.129822
1.181130 -0.511890
0.093842 0.237332
0.999276 -0.577186
-0.358387 0.990738
0.061260 1.097881
-1.012488 0.468150
0.737817 -0.557873
-0.905968 0.275752
-0.805018 0.448247
0.943479 -0.450911
-0.400048 1.019679
1.693429 -0.092910
-0.663372 0.555325
0.136857 -0.262103
0.059975 0.221385
2.031850 0.315578
-0.031083 0.103620
0.814392 0.799811
0.933581 -0.388062
1.636792 -0.165680
0.632614 0.834078
1.981659 0.013961
-0.987399 -0.122664
1.210903 -0.648943
0.890419 -0.550636
1.640733 -0.224732
0.793104 -0.550600
0.623763 -0.424492
1.557092 -0.342563
-0.388250 0.973370
-1.001264 0.431534
0.174610 1.090165
1.923890 0.357414
-0.719496 0.708736
1.453438 -0.269731
-0.049673 0.183731
0.837023 0.246688
0.841889 0.313976
1.753141 -0.295717
1.737371 -0.185791
0.880738 0.330463
2.036664 0.434555
-0.616079 0.973750
0.721926 -0.357018
1.186418 -0.505814
2.032985 0.154485
0.715898 0.744961
0.223777 0.453102
0.906451 -0.451511
-0.963991 0.246137
1.655685 -0.091298
0.289953 -0.167689
0.552171 0.628116
-0.643592 0.611874
0.482858 -0.309290
-1.084609 0.100733
0.858161 0.428853
0.638469 -0.466586
-0.334778 0.858991
1.600808 -0.289446
1.509061 -0.172526
0.970250 0.366526
0.275086 0.830421
-0.769963 0.728384
0.928332 0.430936
0.423536 0.816546
-0.875376 0.061659
-0.015249 0.443511
0.198610 0.005362
0.881702 -0.465083
0.081481 -0.073470
1.189833 0.549513
0.156658 -0.155900
0.790297 -0.558779
0.533723 0.752537
0.335804 -0.213413
-1.128011 0.154517
0.913324 -0.440899
0.776326 -0.324088
0.863333 0.762205
0.751192 0.514635
0.360152 -0.387184
0.169109 1.110704
-0.864000 0.551546
0.608555 0.679777
0.455459 0.807577
2.084786 0.299025
0.064286 0.186323
-1.143407 0.345964
0.661606 0.564635
-0.252208 0.819547
0.108293 0.138696
1.064712 -0.491094
-1.005375 0.444688
-0.051481 0.995207
0.065951 -0.416375
0.105095 -0.143952
-0.456711 0.971311
1.860305 0.249140
1.364245 -0.441301
0.413085 0.661389
0.116594 0.832476
0.615318 0.862010
0.390705 -0.368410
-0.125018 0.900268
1.885562 0.166850
-1.166004 0.132020
1.910958 0.397235
0.192776 -0.269716
-0.261861 1.073423
1.179197 -0.356046
-0.968207 0.012194
0.064249 0.115951
-0.939394 0.173484
1.859808 -0.173316
1.661025 -0.292072
0.991486 0.016513
0.861687 0.634740
1.906126 0.289232
-0.564448 0.832705
1.094369 -0.567325
1.421721 -0.517434
1.823422 0.034793
0.702937 0.633419
-0.043815 0.105269
0.096644 0.137622
-0.877311 -0.027984
0.461883 0.875959
0.077518 -0.071426
-0.215512 0.801006
1.588152 -0.419780
-0.444227 0.903761
0.591283 0.735675
-0.099059 0.246578
0.635082 0.765673
-0.470061 0.959739
2.103705 0.163114
-0.286512 1.051321
1.173659 -0.531316
0.833046 -0.500310
-0.393232 0.892622
0.891433 -0.411292
1.228996 0.380870
0.318787 -0.416815
0.061098 -0.222549
-0.105622 0.865832
0.920035 0.369067
-0.739626 0.645542
1.906185 0.441181
1.497389 -0.481618
1.807717 -0.176795
0.058479 -0.124447
0.877601 -0.606631
1.654721 -0.123396
-1.058518 0.281815
0.482097 -0.493351
1.980232 0.356095
-0.444539 1.127810
1.984979 0.251416
0.563738 -0.331725
0.153450 0.044121
0.120046 0.859589
0.648182 0.577644
-0.883432 0.260280
-0.365137 0.921613
2.066849 0.437923
1.312651 -0.314053
0.478015 0.952946
1.746463 -0.059159
1.447488 -0.212509
-0.401614 1.016373
-0.015077 0.330010
0.201872 1.038999
2.007004 0.382586
0.166344 -0.064234
-0.844223 0.704901
-0.086750 1.141873
0.164697 0.105567
0.861867 0.208265
0.238953 1.140921
-0.878989 0.486284
1.994887 0.252895
0.482172 0.792055
-1.000467 0.083812
0.972218 0.544675
-0.928447 0.448292
1.727741 -0.181396
0.352934 -0.199931
1.691401 0.043461
-0.717776 0.494133
1.710741 -0.359042
0.796822 0.090236
-0.097692 0.046502
0.344668 -0.420441
2.057662 0.284921
0.540974 -0.230323
0.210216 0.869944
0.211987 -0.058618
1.677689 -0.213870
0.542523 0.607727
-0.156130 0.873442
-0.825991 0.625606
-0.446296 0.752132
1.272106 -0.552356
0.204607 1.011926
-0.260490 1.018683
0.598593 -0.311944
0.643900 0.679580
-0.104328 0.093058
0.804620 0.714603
1.326236 -0.436786
0.538950 -0.401308
1.604445 -0.329037
0.623488 0.753625
0.282781 -0.240095
-0.777655 0.714039
0.762294 0.590370
-0.730125 0.477796
1.006930 0.086651
0.988617 0.040799
0.597759 -0.466131
1.199669 -0.429354
0.285130 -0.214316
1.096654 0.113032
1.037361 -0.652970
-0.892424 0.251381
1.108592 0.285439
0.511670 0.696891
0.440248 -0.290101
0.379317 -0.231686
1.040998 0.106721
1.728753 -0.076222
-0.057657 0.424636
-0.424434 0.785311
0.954075 0.329008
0.566698 -0.429118
0.407484 0.989802
1.940166 0.274571
0.027915 0.292298
1.771412 0.459243
1.468418 -0.294813
0.073290 0.916587
-0.338698 0.991238
0.128403 -0.130221
1.255347 -0.416872
0.069327 -0.131522
0.005573 0.362978
-0.534207 0.773931
-0.358648 1.073689
0.997143 0.193731
0.958147 -0.628368
0.662895 0.618741
0.032557 1.001668
0.865626 0.438376
1.765763 0.020047
0.221463 0.377461
0.186193 0.997474
0.062478 0.399141
1.403900 -0.397735
1.614547 -0.493189
0.259889 -0.292097
0.187511 1.007891
-0.499009 0.805294
1.160277 0.002768
-0.276298 1.027025
-0.345382 0.873540
1.703407 -0.115359
0.438947 -0.267696
0.610216 -0.540734
-0.236533 0.953062
1.617177 -0.324322
-0.854672 0.425365
0.164183 0.922245
0.002246 0.260166
-0.822542 0.366389
1.901562 0.363338
0.307496 -0.289433
1.341919 -0.173000
1.818926 -0.067704
0.762063 0.785910
-0.844313 0.463026
-0.236094 1.047679
0.544814 -0.362506
0.741129 -0.559042
-0.817383 0.092002
0.597315 -0.354772
1.983352 0.245323
-0.251580 0.947935
0.466869 0.694711
0.826641 0.483867
0.865722 -0.415130
1.180931 -0.590078
0.325140 0.948188
0.670011 0.890297
0.491194 -0.203594
0.703214 -0.532380
-0.785694 0.962052
0.120285 0.068999
0.721765 -0.539576
1.036440 -0.605805
0.663004 -0.354764
0.681514 0.950931
1.010188 -0.515747
1.183154 -0.192155
0.215018 1.146361
1.726654 -0.137821
-0.580619 0.881406
1.868519 0.368933
0.254041 -0.338568
0.928338 -0.614490
0.963193 -0.557873
0.165375 0.075459
0.292856 1.013775
0.246276 -0.076504
0.743258 0.497516
1.006125 0.158977
2.045979 0.516559
0.548437 0.863257
0.797599 0.163221
0.092278 0.089551
1.075757 -0.471023
-0.959632 0.297422
1.030124 -0.392492
1.994738 0.263743
0.039583 0.057372
1.838335 0.134070
1.536492 -0.335968
-0.390006 1.074454
1.035266 0.026946
0.189532 -0.235219
0.904446 0.506825
1.760790 -0.370334
0.098997 0.919870
1.762332 0.249529
0.783517 0.607356
1.437511 -0.474968
0.044783 -0.148267
2.136122 0.323642
0.483925 -0.344932
-0.144747 0.382875
-0.561982 0.825126
1.893146 -0.031653
1.005714 0.323378
-0.362839 0.858082
-0.994231 0.211070
-1.043377 0.454324
0.152316 0.153710
0.122878 0.252317
0.127647 -0.013514
0.385486 -0.275160
2.054236 0.284009
1.277469 -0.483321
-1.000216 0.059435
1.964368 0.388283
-1.109316 0.157101
0.170052 0.016052
0.868563 0.367614
0.228797 0.896259
-0.808231 0.140029
-0.543417 1.001204
-0.739697 0.788151
-0.796334 0.604105
0.259785 0.949033
0.366684 1.009830
-0.374561 0.888601
0.060073 0.969045
0.378296 -0.266947
-0.479385 0.998593
0.251223 -0.289108
-0.707208 0.576691
0.232195 1.085437
-0.542457 0.668239
0.442402 -0.355569
-0.880634 0.481480
0.598869 0.935152
1.982638 0.281007
-1.102012 0.256344
0.491091 -0.312717
0.880717 0.820934
-0.902811 0.006178
1.659553 -0.259875
0.077925 0.261700
-0.907636 0.386577
1.565459 -0.198510
-0.356036 0.955490
1.123502 -0.371548
0.085834 1.010869
0.941878 0.438330
1.911536 0.105684
1.854968 0.299499
1.588196 -0.597543
0.939063 0.444363
1.493168 -0.488028
0.075027 -0.023587
1.281035 -0.452289
1.088062 0.265452
0.557489 -0.456557
0.429819 0.682107
-0.553375 0.987749
1.004795 -0.530659
-1.043906 0.342935
2.018610 -0.028209
0.817831 -0.386914
0.097164 0.197692
0.960882 0.367835
1.018198 0.076608
1.082306 0.222623
1.886934 0.352266
0.639007 -0.502353
0.104420 -0.233029
0.278797 -0.247666
1.256830 -0.577981
1.348213 -0.685339
0.997206 -0.407550
0.830214 0.593618
-0.685581 0.520132
0.051808 1.135844
-0.023442 0.969230
1.857545 -0.104508
0.440532 1.027645
0.644757 0.374715
1.812635 -0.072416
-0.583063 1.030535
-0.969654 0.233769
-0.250310 0.799207
0.367804 -0.214708
-0.541762 0.847743
0.949652 0.250602
-0.054966 0.223810
0.703264 0.798601
0.267343 0.899823
0.901610 -0.756148
1.971988 0.188446
0.569320 -0.394602
-0.975907 0.464962
0.386736 0.827218
0.007178 0.502709
0.916069 -0.603941
0.378257 0.737946
-1.015381 0.168327
0.166211 -0.030031
-0.616712 0.825742
0.016156 0.376730
1.797975 -0.083004
-0.673312 0.734095
-0.044407 1.041119
0.605039 0.577237
1.640593 -0.386530
0.281253 0.895725
-0.024677 0.322042
0.763939 0.793210
0.546920 0.776921
-0.461018 0.804152
0.056783 0.974313
1.349569 -0.546241
-1.014487 0.178973
0.557373 0.718024
-0.870718 0.592725
1.004676 0.408366
-0.084639 0.459786
0.026552 0.552612
1.695901 -0.013392
1.060713 -0.570331
-0.211301 1.017282
1.798962 0.060746
-0.838735 0.308609
1.504624 -0.512532
1.760627 -0.181718
-0.453979 0.938342
0.646203 -0.440709
0.994748 0.112913
-0.364468 0.866805
0.965603 0.273273
0.378925 -0.170302
-0.152735 0.990135
0.745600 -0.436773
-1.058136 0.418021
0.940234 0.264223
1.826503 -0.120148
-0.110463 0.949899
-0.610096 0.760935
0.042253 0.616079
0.408268 0.970102
1.582647 -0.275153
0.980407 -0.171101
-0.797587 0.013756
1.057958 -0.400856
-1.023214 0.147827
1.684560 0.035969
-0.098623 0.267686
0.227174 1.052509
1.932581 0.247609
0.603635 0.897496
-1.007673 0.455398
0.535836 -0.159714
-0.707571 0.612026
-0.070335 0.028522
-0.499424 0.939981
1.030196 -0.524786
0.922200 -0.547622
1.921593 0.419844
1.085223 0.159513
2.109413 0.412005
1.826769 -0.061670
0.894821 0.634443
0.154684 0.728236
-0.758761 0.746676
1.983318 0.158284
1.494043 -0.327642
-0.007486 0.930603
-0.067038 0.592020
0.813432 0.625390
0.341530 0.114100
-0.157345 0.625164
0.902544 0.470632
0.155046 0.092142
1.785441 0.069924
0.249505 0.033577
-0.776878 0.576520
0.494529 0.875909
0.375387 -0.180623
0.474254 0.892194
0.594742 -0.468301
-0.568160 0.592696
0.465078 1.119387
-0.717059 0.583269
0.886283 0.817423
0.098876 1.053858
1.836997 0.407544
1.466957 -0.302579
-0.674437 0.318323
-0.023113 0.460998
-0.674700 0.665683
-0.632065 0.526044
-0.908999 0.701813
0.537922 0.732442
0.038723 0.908663
0.219481 0.233447
0.385846 0.771008
0.939064 0.365872
1.521203 -0.376834
0.974036 -0.525204
0.137139 0.970699
0.651162 -0.253728
1.582285 -0.302586
0.257519 -0.078817
-0.392781 0.849555
-1.100206 0.300989
1.871779 0.029013
0.278143 0.832098
1.092622 -0.667246
-0.193080 1.123886
0.110180 0.312133
0.604822 -0.425066
-1.199705 0.460924
-0.580284 0.604501
1.777524 -0.001394
0.007714 0.427598
1.912824 0.260602
0.647505 0.979149
0.916365 0.145964
-0.749520 0.659048
-0.790975 0.819352
0.301641 0.051034
1.227708 -0.396824
0.528196 0.894807
1.974846 -0.079516
0.630611 -0.441496
0.648543 -0.344719
0.107562 0.920855
1.764910 0.081246
1.292129 -0.277237
0.070852 0.299099
1.832556 0.218117
0.998726 -0.653583
1.036658 -0.471980
1.196426 -0.441978
1.470139 -0.207786
-0.517653 0.899757
1.531820 -0.347046
1.099459 -0.520204
0.791044 0.498987
0.712105 0.887693
1.694527 -0.366285
1.675861 -0.045629
0.040182 0.567966
-0.472681 0.662794
1.134146 1.480388
1.178467 2.107612
-1.050882 1.913456
0.473519 1.615677
-0.692869 1.848353
-0.075426 2.433120
-1.010319 2.362544
0.476264 2.028989
1.182763 1.835984
-0.675364 2.831384
-1.282593 2.675285
-1.385603 2.675381
1.415759 2.265659
0.743196 1.553552
0.932043 1.498404
-0.673489 1.805031
1.607909 2.507620
1.568022 1.455642
1.550400 2.493645
0.833373 1.807061
-0.594693 2.195147
1.431511 2.499882
-1.180203 1.729436
-0.068051 1.490153
0.884119 2.117647
1.013221 1.892310
1.739895 1.867301
-0.783719 1.635446
1.276790 1.486575
-1.198531 1.821777
-0.815998 2.722374
-0.414487 1.718498
1.278022 2.073782
-0.614281 2.234733
0.763272 1.380131
-1.551909 1.878364
0.870314 1.753062
0.301999 1.918247
0.886968 2.890973
1.197654 2.647643
1.416533 1.465973
0.579264 1.879587
-0.456654 2.184981
-0.709787 2.036512
1.011645 1.528749
-1.377037 2.573713
-0.068375 1.824982
-0.631075 1.798158
1.123176 2.537279
-0.717219 2.299972
-1.171602 1.997599
0.530388 2.131519
-0.782985 1.826976
1.386205 1.545380
0.545083 2.394954
1.116875 1.947163
0.985181 1.949042
-0.667926 2.713174
1.197269 2.499635
0.179329 2.458011
0.699520 2.815443
1.442619 2.556802
1.067764 2.000624
1.397078 1.023849
-0.898098 2.199095
-0.492348 2.617553
-1.267013 2.597081
-0.891832 2.041879
0.988241 1.646487
-0.234379 2.228693
0.228157 2.034262
-0.689522 3.101726
-0.787811 1.824669
-0.584958 2.278360
-0.579785 2.632838
0.981207 1.782863
1.460230 2.529331
-0.456540 1.491891
1.065901 2.412501
0.598558 2.394981
-1.216424 2.764839
-1.396999 2.285657
1.176556 1.677039
1.166879 1.738303
0.714842 2.245562
-0.774968 1.881227
-1.095758 2.021074
1.122420 1.716063
-0.367431 2.023347
1.193141 2.758408
0.824419 2.826111
-0.384584 2.332832
-0.696872 2.948307
-0.444945 2.286000
-0.327818 2.677398
0.684482 1.705693
1.199454 2.263432
-0.994597 1.877269
-1.321282 2.160736
1.372649 2.174131
-0.602990 2.662793
-0.989891 2.543175
-1.194057 2.014203
1.158480 2.170135
0.698574 1.946521
0.099373 2.142570
-0.960098 2.320763
-0.226758 2.292511
1.483263 2.302771
-0.423814 1.760798
0.857836 1.059556
1.505215 1.486458
0.705500 1.946048
-0.739449 2.626324
-0.128395 1.984078
-0.404973 1.888673
-0.249768 2.829017
-0.629113 2.612792
1.069273 1.379733
1.260974 2.755662
-1.498359 1.606785
-0.262790 2.387016
0.956776 2.297011
0.543375 2.173675
0.011871 2.260097
1.216091 2.230661
1.487955 2.288674
-0.363238 2.890047
0.952765 2.121379
-0.528586 1.946511
-1.009045 1.941280
-1.295062 2.717452
-0.498066 2.548038
-1.434844 2.241829
1.085392 0.873526
0.179261 1.780226
-0.742394 2.454584
-0.670235 2.847018
1.673597 2.028311
0.354537 2.631829
1.314988 2.263526
1.041754 2.921701
-0.475175 2.299008
-1.070642 2.085075
-1.235276 2.306039
0.670598 1.443173
-0.345853 2.600393
-0.722723 2.340880
-1.106817 1.496883
-0.506455 1.747535
0.859503 1.125708
-1.487031 2.081925
-1.135951 1.930381
0.895624 2.448444
1.848302 1.805983
-0.682974 3.032025
1.034806 2.613017
-0.292851 1.960014
-0.749219 2.425945
-1.053218 2.677296
-0.858323 2.135877
-0.994840 1.928206
-0.793665 2.188401
0.727186 1.904838
0.053565 1.925792
-1.318106 2.329844
0.216642 2.191633
1.081860 2.069404
-0.150298 2.986120
1.109902 2.166749
-0.640058 2.494471
0.597957 1.755581
-1.480391 2.051435
1.108766 2.149759
-1.042542 2.482966
-0.249981 2.023719
1.065696 1.382398
-0.521720 1.837992
-0.097730 2.471031
-1.038538 2.588613
-1.195000 2.272238
1.392677 1.540720
-1.168327 2.219854
1.078872 1.885794
0.574671 1.673813
-1.115918 1.997612
-1.002962 2.730226
-0.762966 2.333634
-1.875601 2.367551
0.751067 1.294994
0.509474 1.455606
-0.888260 2.346133
-1.022609 2.417295
-0.422346 2.261241
-1.137256 2.449428
1.516198 2.548057
-0.586809 2.241166
-0.562315 2.429070
-0.643891 2.468907
0.790180 1.389539
1.258066 1.736046
-0.853377 2.855955
-1.094063 1.758778
1.493402 1.981504
1.009093 1.761095
1.309936 2.312527
1.162293 1.721978
0.723264 1.387995
0.663521 1.512151
-1.117548 2.145368
1.368345 2.098900
0.318961 2.039885
-0.704073 3.019803
-0.129628 2.610560
-1.240176 2.994740
-1.237478 1.966209
1.551170 1.891990
1.006510 2.415935
-0.640295 2.633468
0.467975 2.468757
-0.764365 1.696881
1.378781 1.991860
1.162123 1.074291
-1.069490 2.058634
0.511612 1.987957
-0.966087 1.974974
0.683450 2.097353
1.069743 1.748584
-0.848209 2.486302
1.598981 1.907790
1.071552 2.053971
0.633720 1.637079
-1.033926 2.185684
0.708751 0.534677
1.047454 1.436559
-1.681164 3.098111
0.608247 1.995330
1.786597 1.620157
0.586040 2.129092
-0.538823 2.706548
-0.037289 2.412520
0.838396 1.850182
1.149153 2.290425
1.107612 2.362821
0.297494 1.390827
1.193595 1.808716
-0.956129 1.981046
-0.147506 1.607509
0.583037 1.839670
-0.313165 2.440997
1.063875 1.334701
-1.513206 1.741867
-1.446401 2.623015
-0.240439 1.937624
0.645390 1.917507
0.638194 1.764030
1.374975 2.149544
-0.707651 2.541891
1.073103 1.688566
0.845939 2.152236
-0.618716 2.455718
-0.485382 2.418527
1.732359 2.598590
1.019261 2.092231
2.085442 2.078003
0.915748 1.392901
0.572939 2.380098
-1.535227 1.788928
-0.828675 1.917090
-0.531445 2.060727
-0.429709 2.611617
0.718563 2.273966
0.394833 1.641653
-0.752927 2.875852
-0.565058 2.464056
-0.682671 3.316270
1.529065 2.073667
1.173093 2.175759
-1.007631 1.661401
1.058429 1.807018
-0.546786 2.407125
0.227121 1.585469
0.790850 1.817885
-0.704141 1.750669
0.027577 2.017772
0.355198 1.523472
0.383064 2.174847
0.647881 2.223069
-0.622449 1.760038
0.627041 2.169800
-0.975125 1.835455
-0.711204 1.676569
-0.525239 2.230118
0.222271 2.476575
0.655591 1.837621
1.226170 1.878848
-0.305767 1.917779
-0.834274 2.196409
0.969571 2.518321
-0.511738 2.103828
-0.597663 2.244210
-1.392508 1.901714
0.685977 0.980414
0.644295 1.760385
-1.277696 2.003418
0.843055 2.543807
-0.504379 2.480819
-1.324422 1.523976
1.146046 1.950075
0.966394 2.376980
-0.438827 2.532255
-0.218544 1.312267
1.260282 1.506832
1.324678 1.640398
-0.736105 1.546933
0.032210 2.058833
0.790682 2.072106
0.613751 1.391493
-1.519183 2.144257
1.157256 2.623828
0.792855 1.787584
1.261476 1.906377
0.663466 1.777009
-0.277182 2.368701
0.637262 2.392129
0.681441 2.009017
1.058101 1.510237
0.904212 2.289668
-0.581538 2.336638
-0.946744 2.275427
-0.834502 2.249997
-0.588072 1.865950
-1.098215 2.874351
0.018142 2.767608
-0.443860 2.244509
1.282622 1.617899
0.501263 1.057189
-0.229689 2.342369
-0.472910 2.395506
-0.161970 2.447668
-0.967111 2.138112
0.573007 1.918952
-0.623987 2.396982
0.717047 2.147112
-1.068680 2.553623
1.191821 1.621550
-0.812295 2.490381
-0.664517 2.572376
1.001564 2.967362
-0.284260 1.720594
-0.269118 2.312414
-0.769383 2.288623
0.927215 1.929748
-0.421657 2.005100
-0.978821 1.752235
1.428789 2.111773
0.790792 1.186527
-0.621759 1.557714
0.191302 2.781482
0.115946 1.881115
-0.990248 1.481287
0.813248 1.646884
-0.149731 2.359660
-0.464270 1.839076
-0.380891 1.370822
-1.152970 3.158166
1.520117 2.367332
-1.044583 2.312666
-0.113292 2.412185
0.929595 1.693476
-0.840477 1.498511
0.688778 2.124843
1.993543 1.695095
0.945914 1.853358
-1.272018 2.314731
-0.647896 2.714095
0.782595 2.594196
0.096091 2.505498
0.910717 1.973625
1.312075 2.308688
-1.567877 1.893526
-0.006579 1.858596
-1.139583 2.294179
0.987698 2.169040
-0.622946 2.195125
-0.794393 2.463654
1.195741 1.867033
-0.500533 2.453192
0.766211 1.720915
1.217113 1.998134
-0.213070 1.867233
1.665462 2.343978
0.887612 1.795797
-0.975304 2.222682
0.168679 2.761438
1.075111 1.642898
-0.770174 1.558095
-1.051916 2.124916
-0.946130 2.318555
-0.444528 1.997741
-0.807812 2.503432
-0.959416 2.193896
0.824355 1.431679
-0.511342 2.440881
1.026801 2.044719
-1.179002 2.224949
-0.310491 2.267924
-1.434321 3.053335
-0.746861 1.994355
1.207700 2.021515
0.554719 2.230594
-0.682785 2.361418
1.365238 2.165173
-0.241361 2.458915
-0.744615 1.563471
-0.762838 2.515357
-0.458999 2.267153
0.850829 1.953510
-0.698960 1.838310
0.178570 2.045622
0.084145 2.409744
0.191083 1.881419
0.734977 2.102828
0.074065 2.140500
1.179529 2.275044
-1.624791 1.243196
1.205648 1.849738
0.938159 1.882478
-1.025760 3.195582
-0.328394 1.958295
0.354758 1.400260
0.907387 2.113882
-1.243400 2.328555
-0.163615 1.770197
-0.145117 2.336881
-0.999166 2.296036
1.168500 2.134395
0.726224 2.193917
1.439800 1.919690
-1.052224 2.169786
-1.089789 1.958390
1.570731 1.945226
0.747384 1.950176
-0.899752 2.070034
0.926077 2.414058
-1.179563 2.452909
0.264913 2.801949
-1.097589 2.151001
1.343636 1.279385
-0.561905 2.857829
0.967345 2.345021
0.242674 1.423856
-0.399068 2.583467
0.786205 1.971691
0.691479 2.330749
1.213513 1.914660
0.943557 2.380687
0.616309 1.865007
1.223953 1.929163
1.035937 1.489740
-0.168322 1.950035
-1.195098 1.814970
-0.621392 1.675923
1.274767 2.116697
1.291023 2.093800
0.871155 1.479280
0.415833 1.721028
1.614933 1.596588
-0.424668 2.285084
0.892527 2.030303
1.362965 1.733432
1.102144 1.896849
1.237617 1.704965
0.671227 0.718546
1.094028 2.170133
0.916718 2.630967
-0.352281 2.138198
1.370318 1.924113
0.898489 1.772139
-1.258031 2.052032
-0.524137 2.463027
0.890923 1.554829
-1.214712 2.058677
1.385046 1.684231
-0.481147 1.948540
0.928240 2.752493
-1.171614 2.427832
-1.495009 2.801837
0.741770 2.068037
0.695242 2.058583
-0.318018 2.645774
1.328777 1.578293
1.592574 2.327895
0.570726 2.066825
-1.228244 2.143891
-0.869697 2.448805
0.527894 2.283244
-0.891405 2.094448
-0.118007 1.791122
-0.343358 2.670147
-1.097675 2.578956
-1.121558 2.112356
-0.635513 3.008608
-0.254533 2.237160
0.668336 1.829079
1.510905 1.942086
1.705596 2.199906
1.232267 2.125257
-0.439174 2.042237
-1.359178 2.598422
0.902416 2.398278
1.751023 1.582655
-0.806448 2.136352
0.854785 1.748897
-1.274768 2.404998
-0.375640 2.106249
0.957799 2.707979
-0.928776 2.557410
-1.052828 2.270929
0.909576 2.846247
0.701871 1.959707
0.197793 1.591084
-0.446866 2.266914
-1.306402 2.854572
-0.728676 1.766269
-0.725636 2.740257
-0.729445 3.059660
0.739896 2.731271
0.840290 1.845472
0.487674 2.148341
0.658473 1.650613
1.646386 1.619003
-1.454807 1.950098
0.760836 1.687553
1.313961 1.553888
0.047502 2.092564
-0.915220 2.804545
1.732935 2.202160
-0.745278 2.371387
1.091110 1.926540
0.522684 1.950129
-1.133536 1.782585
-0.228796 1.671705
-1.219353 2.607269
0.439793 2.707459
0.533512 2.443613
-0.776940 2.183601
-1.040822 1.608256
1.356681 2.314114
-0.804008 2.307583
-0.402900 2.547968
-0.995715 2.021320
0.388846 1.555321
0.283184 2.479101
-0.554246 1.031741
0.520742 1.853074
0.614250 2.297311
1.356178 2.096511
1.234976 2.197510
-0.176191 2.384301
0.581161 2.492845
-0.270320 2.345537
0.117099 1.908988
-1.179763 1.802669
-0.535951 2.255457
1.189328 1.865401
-0.662355 2.026209
1.181561 1.491167
0.911863 1.827209
1.063315 1.916501
0.793291 2.685175
-0.672841 2.522081
-0.806375 2.599569
-0.043058 1.837026
1.459385 1.638092
0.559772 2.391987
1.273406 2.398896
-0.184314 1.405526
-0.241418 2.541911
-0.670102 1.441706
1.665776 2.010571
1.114850 2.011789
0.579588 1.452336
-0.316849 2.260294
0.539637 2.051277
-0.761674 2.248439
0.691719 1.912306
-1.138258 2.641697
1.201545 1.805393
1.612216 2.422062
-0.396381 2.779311
0.316883 2.308930
-0.278928 1.403146
-0.981545 1.544805
1.158480 1.720040
-1.233999 2.438609
-1.235074 2.083445
0.783703 1.755238
0.889377 1.273114
0.606777 2.486548
-0.514928 2.987685
0.899570 2.488447
1.252843 1.826556
1.475945 2.097595
-0.503777 2.459535
-0.317784 1.799861
0.326929 2.145458
-0.572919 2.069711
-0.040422 1.527805
0.609118 1.200272
-0.197621 1.787918
1.808715 1.899430
1.159573 2.049542
-1.237652 1.878039
1.070552 1.489043
-1.128041 1.815723
1.387300 2.373608
-0.874990 1.640496
-1.260541 2.238504
-0.393802 3.017443
-0.590922 2.300532
0.746695 2.093671
0.307166 2.076672
1.459770 1.657425
1.557115 2.675437
-0.977390 1.664542
0.764385 1.021836
0.397866 1.666261
-0.941149 2.582571
-1.339072 2.536443
1.013109 2.287951
-1.309011 2.151957
0.407806 1.408637
-0.644911 1.709200
-1.142173 1.654212
0.087962 2.654418
1.658024 2.433192
-0.844951 2.146442
-1.101438 2.652859
-0.954884 2.183765
-0.397399 2.270583
-1.132441 2.333431
1.431330 2.675197
0.571169 2.456108
-0.827520 2.737058
-0.665255 2.691921
-0.429100 2.818561
-1.489633 2.462374
-0.577462 2.878356
1.010500 1.804602
-0.718267 2.315842
0.470100 0.882753
0.109491 1.452229
0.772752 2.386280
-1.112866 2.794082
-0.845656 2.468618
0.659745 2.453804
1.080406 2.357297
0.528351 2.224441
-0.737929 2.364748
1.247181 2.259580
1.277076 1.294520
-1.355492 2.722848
-1.233279 2.365330
0.932733 1.421722
1.215708 2.235401
1.190672 1.757970
-0.878529 2.633784
1.389023 2.419622
1.108961 2.356510
-1.521122 2.381138
-0.550529 2.302248
-0.821187 2.863100
1.143381 2.337853
1.105855 2.485854
-0.839561 2.343100
-1.121783 2.563248
-0.577375 1.538921
-0.182228 2.828907
0.411121 2.533980
0.712343 2.060280
1.856211 2.026467
-1.668178 1.799308
0.832257 2.182057
0.716808 1.534712
1.063927 1.980662
-0.353457 1.697497
1.348272 1.646520
-0.855685 2.399500
-1.143731 3.012170
0.765329 1.345817
-0.910224 2.467117
1.047786 1.767554
1.226033 1.712345
-0.358016 2.044375
1.786507 1.229901
-0.464805 2.350396
0.311771 2.375573
0.950380 1.710885
0.846531 2.949400
0.328859 2.462492
0.885657 2.230618
-0.514407 2.243010
-0.254562 2.051213
-0.376386 2.578086
-0.773945 2.099848
1.674972 1.975266
-1.135617 1.847586
-1.222595 1.524173
-1.382585 2.818347
-0.618633 2.415679
-0.834398 1.957515
-1.089017 2.038028
-0.866562 2.603699
0.905765 1.458585
1.105373 1.690046
1.067153 1.775937
0.258185 2.520987
-0.950895 1.628715
1.197851 1.330388
1.354037 2.031707
0.822593 2.248460
0.496885 2.294819
-0.829852 1.910445
1.147355 1.831790
1.360845 2.099253
-0.857080 2.675817
-0.711458 2.203880
0.588237 2.123331
0.936777 1.964497
-0.860530 2.502298
-1.257567 2.175557
-0.501640 2.434501
0.731113 2.586892
-0.544114 2.226399
1.061550 1.923983
1.767492 2.059788
-0.567007 2.455958
1.193147 1.978845
-0.834715 1.802565
1.033470 3.098552
-1.139849 2.532297
-0.263938 1.466415
0.573339 2.422923
-0.591246 1.998564
-0.805522 2.997510
-0.544241 2.300476
-0.886187 1.895168
-0.555182 2.634337
-1.894850 2.230967
0.843003 1.596765
0.331241 2.099096
-1.244343 1.984523
-1.062771 2.106315
1.140069 2.258652
1.881937 1.822007
0.801124 2.055916
-0.766081 1.896090
0.654162 2.429871
-1.428458 2.625186
1.682651 1.959610
-1.159477 2.960241
-0.648122 2.110809
-0.829011 1.592561
-1.076332 2.074365
0.997981 2.379646
-0.612618 2.846958
0.807226 1.616317
-1.239721 2.422986
1.674145 2.551223
0.942303 1.914911
1.129540 1.803112
-0.735054 2.604064
-0.741781 2.047258
-0.172252 2.634803
1.236239 2.468399
-0.870780 2.528664
1.563836 1.405756
0.769273 2.083071
0.144989 2.394583
0.694459 2.238887
0.745672 1.563529
-0.858077 2.590688
-1.641114 2.183915
1.304142 1.730926
-0.278445 2.225558
0.742076 2.584986
-1.466786 1.754938
1.012615 2.142693
0.462815 2.066817
1.498200 2.491242
-0.437417 2.134884
0.714968 1.583310
-0.150771 2.394816
1.842525 1.723200
-0.228102 2.004037
0.624798 1.982551
1.083429 1.864558
1.349661 2.261270
-1.405692 2.185152
1.713389 1.897531
-0.166137 2.647729
-0.812024 2.880434
0.537275 2.395883
1.220898 2.847975
-1.507088 2.312372
-0.389590 2.073654
-0.363928 2.071913
0.652517 1.821329
-0.798655 1.247292
1.415467 2.143249
0.183165 2.227449
1.537483 1.922194
0.665660 1.800104
1.414971 2.238210
-1.362645 1.953322
-0.906860 1.255869
1.003125 2.142807
0.719311 1.861500
-0.847709 2.473530
-1.027680 1.763504
1.352307 2.345457
-1.345479 1.404919
1.911202 2.506071
0.177848 2.283296
-0.944102 1.721575
-0.705195 1.860248
0.797440 1.946095
0.826481 1.684851
-0.137996 1.741521
0.835427 1.905652
1.394371 1.984373
0.519842 2.113477
0.886638 2.038570
0.728432 1.361816
1.570075 2.339310
1.102460 2.644677
-0.736300 2.461223
0.640824 1.993924
0.967760 3.013723
1.105390 2.546805
0.803833 2.424323
1.033172 1.657771
1.195794 1.874953
0.968873 1.772526
0.914772 2.446235
0.553603 1.174914
1.400871 2.509045
1.050333 1.512877
1.095480 1.555590
-0.431567 2.136157
-0.405382 2.131711
1.048890 2.193136
-0.587252 1.921871
1.108732 1.653478
-0.240104 2.207318
0.719766 0.861303
1.037532 1.677043
-0.026972 0.856588
-0.411098 2.942125
0.738622 1.467342
-0.673533 1.880329
0.901621 1.473989
-0.204745 2.534993
-0.423682 1.666501
-0.128344 1.910425
1.120858 1.781562
-1.261656 1.816978
-0.541261 2.358644
1.667672 1.698700
0.774379 2.967809
-1.468305 1.904120
-0.961276 1.941385
0.157173 1.946723
-0.513209 2.534412
1.272641 2.112283
-0.504703 1.945470
0.062010 1.507510
-0.774575 1.733265
-1.518215 2.586930
1.236764 1.632615
0.946909 2.041282
-0.616211 1.850932
-0.404636 2.474435
-0.558503 2.738814
-1.392057 2.178250
1.474716 1.537146
1.397652 1.930255
0.581670 1.744970
-0.704480 2.622392
1.199744 2.196001
-0.390739 2.054194
1.307791 2.034152
0.576114 2.211534
1.395519 1.684599
-0.716072 2.330570
1.284576 1.424416
1.715225 1.810277
-0.790528 1.997512
-1.515029 2.520925
0.539541 1.629703
-0.962710 1.867722
0.229384 1.820658
-0.940584 2.116233
1.584255 1.913991
0.745053 2.152706
0.528808 1.758234
1.246189 2.251709
0.116818 1.937718
-1.013304 1.965087
0.988652 1.481700
0.919376 1.659697
-0.945827 2.371064
-0.527355 2.254003
1.701114 3.010730
0.988101 1.246160
1.010652 1.378824
-1.005260 2.375598
-0.899047 2.379712
-0.177857 1.502291
0.856240 1.536727
-0.339616 2.091487
-1.058178 1.688182
0.813037 1.885802
1.478972 1.498380
-0.971712 2.819229
0.568193 2.083192
-1.690323 2.375308
0.716329 2.101616
-1.334730 2.377992
1.520736 2.012812
-0.989670 2.277389
-0.349137 1.995719
-0.554857 1.706706
-0.985257 1.907761
-0.777734 1.761263
1.015052 1.529966
-0.852045 2.545687
1.309175 1.826378
-0.290977 2.018066
-1.498326 2.116430
1.484929 1.542955
1.535830 2.245358
-1.815514 2.705093
1.926111 2.446363
-0.880012 2.070859
-0.184709 1.718270
1.114740 1.393998
1.290699 1.602358
1.192294 1.778632
-0.464347 3.149040
1.372693 1.884967
-0.980680 2.980726
-1.063444 2.459224
-0.906814 1.693233
1.019032 2.428322
-0.939417 2.014446
1.030336 1.944186
-1.423677 2.069951
-0.146876 2.838105
-0.199955 1.664135
0.998064 1.291958
-0.119810 2.498596
1.576674 2.072126
1.324668 1.399986
1.448687 2.173892
-1.333720 1.999934
-1.753911 1.714469
-0.717657 2.286057
1.126362 2.197982
-0.167084 3.009175
-1.368451 2.495403
1.682173 2.590636
0.584887 2.073015
1.145526 2.283204
1.120638 2.155339
1.212282 2.210995
1.493853 2.883771
0.346863 1.254177
-0.326438 2.610857
1.160381 2.303473
0.295136 2.883981
0.535127 2.275786
-1.220961 2.738227
1.021755 1.504654
-0.984935 2.115820
0.011297 2.358192
-0.602903 2.195325
1.710933 1.868222
1.027636 1.562915
-0.350246 1.421891
-0.101018 2.148234
-0.726996 2.774394
-0.617039 2.599005
1.340248 2.245613
-1.049725 2.866355
1.345004 2.041205
-0.650258 2.146422
1.335275 2.296178
-0.401387 2.377281

