361 488 0.065733
583 848 0.066645
321 488 0.066945
0 361 0.068344
193 488 0.072021
92 333 0.074015
409 333 0.075241
75 453 0.075861
417 296 0.077268
445 409 0.077437
100 417 0.077750
911 583 0.077888
150 0 0.078362
55 0 0.079053
477 493 0.080385
208 493 0.080385
689 911 0.080876
770 911 0.080976
165 321 0.081106
112 150 0.081551
159 193 0.081787
192 208 0.082354
936 653 0.082808
196 192 0.082884
116 189 0.083255
349 333 0.083416
22 417 0.083562
840 848 0.083651
4 453 0.083811
712 653 0.085240
642 814 0.085744
174 4 0.085811
428 75 0.085945
230 112 0.086156
299 189 0.086203
481 417 0.086897
312 477 0.086905
128 445 0.087064
227 165 0.087334
913 887 0.087639
489 0 0.088047
986 936 0.088200
350 189 0.088329
15 92 0.088387
281 116 0.088483
275 174 0.088627
247 312 0.088638
707 887 0.088829
278 333 0.089011
783 703 0.089098
229 150 0.089179
936 727 0.089208
727 783 0.089208
339 15 0.089419
155 453 0.089568
66 299 0.090062
849 783 0.090130
31 278 0.090341
465 428 0.090551
35 192 0.090683
688 727 0.090820
36 216 0.090963
436 141 0.090988
606 986 0.091104
135 116 0.091362
181 350 0.091362
33 417 0.091403
579 911 0.091507
478 22 0.091753
79 33 0.091753
377 445 0.091832
292 227 0.091911
629 703 0.091941
199 196 0.092350
250 159 0.092560
892 653 0.092799
512 712 0.092857
467 128 0.092964
467 496 0.092964
42 445 0.093483
253 230 0.093498
124 281 0.094130
977 579 0.094495
819 707 0.094684
212 467 0.094781
319 33 0.094892
739 770 0.095056
336 42 0.095255
298 409 0.095255
602 629 0.095340
220 2 0.095505
742 689 0.095671
218 36 0.095791
71 155 0.095852
270 216 0.095908
604 814 0.095994
604 887 0.095994
14 467 0.096011
50 141 0.096321
132 35 0.096389
792 629 0.096555
941 703 0.096796
949 727 0.096796
581 819 0.096824
203 141 0.096845
795 913 0.097120
198 350 0.097135
13 368 0.097293
195 368 0.097411
380 208 0.097435
438 368 0.097699
16 230 0.098008
856 819 0.098336
525 707 0.098516
295 181 0.098583
34 275 0.098849
91 124 0.098857
217 465 0.098880
277 198 0.098884
156 467 0.099148
324 181 0.099820
125 15 0.099841
151 313 0.099997
500 707 0.100062
176 380 0.100305
954 742 0.100340
305 277 0.100456
443 128 0.100683
816 500 0.100874
521 950 0.100937
3 14 0.101354
27 71 0.101786
451 253 0.101830
111 176 0.101923
425 203 0.102109
345 13 0.102156
251 296 0.102162
726 579 0.102555
228 36 0.102629
62 298 0.102817
139 298 0.103148
866 792 0.103312
45 2 0.103344
347 124 0.103431
235 228 0.103446
386 212 0.103601
12 112 0.103822
252 45 0.103940
171 295 0.104024
729 892 0.104026
834 712 0.104181
519 950 0.104337
356 478 0.104508
97 436 0.104510
96 12 0.104567
351 151 0.104627
524 726 0.104664
560 642 0.104781
87 380 0.104837
473 481 0.104937
310 209 0.105014
329 36 0.105095
9 329 0.105377
564 913 0.105426
355 436 0.105566
311 355 0.105692
265 114 0.105835
431 265 0.105857
948 604 0.106042
302 27 0.106049
59 438 0.106068
172 496 0.106071
901 521 0.106101
529 581 0.106294
458 176 0.106335
413 252 0.106350
732 840 0.106564
497 295 0.106746
434 431 0.106799
590 814 0.106834
344 400 0.107191
400 339 0.107191
882 901 0.107332
576 948 0.107510
280 428 0.107961
131 436 0.107995
269 203 0.107995
153 216 0.108010
654 581 0.108084
480 250 0.108126
290 45 0.108296
308 351 0.108305
498 131 0.108342
593 941 0.108556
402 496 0.108868
120 96 0.109026
767 892 0.109322
740 529 0.109623
348 120 0.110008
646 560 0.110074
839 712 0.110115
439 59 0.110152
462 34 0.110196
138 434 0.110288
325 138 0.110288
240 270 0.110305
90 413 0.110649
297 2 0.110649
794 560 0.110666
659 521 0.110722
876 816 0.110821
95 227 0.111057
161 240 0.111117
699 901 0.111193
984 659 0.111193
30 195 0.111202
420 199 0.111238
51 135 0.111244
649 882 0.111268
274 344 0.111421
855 659 0.111629
316 217 0.111680
393 348 0.111836
209 393 0.111836
160 369 0.112084
160 347 0.112084
482 302 0.112090
352 153 0.112104
487 413 0.112135
328 431 0.112140
457 328 0.112143
107 308 0.112197
345 271 0.112270
271 344 0.112270
239 325 0.112302
118 420 0.112480
118 302 0.112480
225 420 0.112498
956 901 0.112578
820 844 0.112721
381 265 0.112823
236 297 0.112930
851 642 0.112990
108 50 0.113034
273 131 0.113034
25 312 0.113035
294 305 0.113181
468 95 0.113218
143 138 0.113306
789 901 0.113400
61 108 0.113421
61 251 0.113421
978 654 0.113463
29 311 0.113479
335 143 0.113679
778 576 0.113740
266 369 0.113798
144 114 0.114045
267 235 0.114209
390 153 0.114464
527 819 0.114656
447 209 0.114670
432 160 0.114799
340 210 0.114891
595 767 0.114945
72 352 0.114970
88 280 0.115083
88 220 0.115083
320 266 0.115109
287 273 0.115114
130 457 0.115137
337 111 0.115167
530 590 0.115240
76 297 0.115357
384 107 0.115374
304 356 0.115426
146 384 0.115458
998 646 0.115715
223 198 0.115923
999 794 0.116026
224 274 0.116040
899 789 0.116045
137 111 0.116195
54 87 0.116195
860 699 0.116541
860 851 0.116541
371 347 0.116654
540 524 0.116737
85 29 0.116764
412 210 0.116764
587 998 0.116819
379 66 0.116907
48 431 0.116914
915 844 0.117064
246 118 0.117156
286 30 0.117270
249 246 0.117294
301 482 0.117294
568 726 0.117670
184 346 0.117737
810 524 0.117910
455 88 0.118029
164 21 0.118031
73 249 0.118076
895 568 0.118248
23 210 0.118256
40 160 0.118274
375 320 0.118274
119 344 0.118435
798 530 0.118464
694 527 0.118571
70 209 0.118757
919 950 0.118772
357 249 0.118788
231 119 0.118919
154 369 0.118926
993 915 0.118990
466 130 0.119006
490 231 0.119091
306 88 0.119167
157 239 0.119213
184 157 0.119213
947 524 0.119401
257 59 0.119419
197 477 0.119439
536 595 0.119443
200 184 0.119539
403 386 0.119645
392 390 0.119689
558 882 0.119698
258 197 0.119784
799 527 0.119794
584 954 0.119885
11 184 0.120015
397 200 0.120413
282 157 0.120413
427 209 0.120607
594 722 0.120924
722 602 0.120924
745 844 0.120986
234 267 0.121207
158 351 0.121241
215 265 0.121298
353 337 0.121334
681 844 0.121392
435 223 0.121463
763 732 0.121504
943 763 0.121623
433 346 0.121658
79 433 0.121658
684 519 0.121682
454 172 0.121860
323 209 0.122038
440 146 0.122124
440 90 0.122124
376 412 0.122154
791 536 0.122263
291 325 0.122456
404 481 0.122635
459 200 0.122656
170 412 0.122696
170 154 0.122696
388 210 0.122696
758 993 0.122744
105 447 0.122761
582 851 0.122790
637 915 0.122832
475 239 0.123012
17 224 0.123392
39 164 0.123641
395 154 0.123699
934 855 0.123797
594 934 0.123797
177 439 0.123988
80 125 0.124139
858 540 0.124355
387 240 0.124681
387 21 0.124681
232 252 0.124772
84 440 0.124772
283 30 0.124784
513 763 0.125132
972 876 0.125159
279 13 0.125295
326 310 0.125644
663 934 0.125665
636 722 0.125665
463 164 0.125793
737 866 0.125897
635 636 0.125897
147 443 0.125973
362 34 0.125993
592 943 0.126014
1 459 0.126029
603 584 0.126334
603 666 0.126334
52 447 0.126393
41 316 0.126785
366 353 0.126846
185 433 0.127285
669 530 0.127683
260 425 0.127701
474 157 0.128282
585 934 0.128323
801 637 0.128338
472 310 0.128488
550 834 0.128726
837 681 0.128767
886 592 0.128841
889 800 0.128960
889 666 0.128960
757 551 0.129071
741 798 0.129257
827 934 0.129264
679 603 0.129369
506 679 0.129385
186 433 0.129436
803 737 0.129474
691 636 0.129582
751 551 0.129618
875 998 0.129838
303 170 0.130258
422 472 0.130333
829 540 0.130348
407 184 0.130521
538 603 0.130616
926 506 0.130692
262 353 0.131407
449 337 0.131524
981 659 0.131610
908 529 0.131640
850 519 0.131784
933 919 0.131784
736 593 0.131836
242 210 0.131855
374 11 0.132002
175 158 0.132022
805 751 0.132065
505 681 0.132070
648 536 0.132102
517 648 0.132150
562 820 0.132173
99 231 0.132221
385 497 0.132321
946 558 0.132395
233 184 0.132411
683 751 0.132440
422 294 0.132558
408 39 0.132574
448 171 0.132645
23 103 0.132649
103 273 0.132649
259 462 0.133012
20 279 0.133147
562 698 0.133388
698 592 0.133388
549 972 0.133539
421 345 0.133550
127 137 0.133638
140 422 0.133658
314 294 0.133658
483 31 0.133741
555 801 0.133809
571 993 0.133809
865 603 0.133868
113 311 0.134102
975 839 0.134295
411 326 0.134416
868 981 0.134735
19 103 0.134775
364 420 0.134790
738 993 0.134899
566 810 0.135024
238 362 0.135074
405 161 0.135505
8 474 0.135518
285 41 0.135524
909 536 0.135539
342 97 0.135626
504 562 0.135661
818 525 0.135865
26 411 0.135895
182 175 0.136288
37 459 0.136534
237 234 0.136543
620 800 0.136636
598 975 0.136945
705 889 0.137013
715 698 0.137266
110 215 0.137321
456 147 0.137340
779 666 0.137485
343 140 0.137519
501 592 0.137595
750 705 0.137800
997 779 0.137878
673 571 0.137879
461 70 0.138002
254 387 0.138248
5 374 0.138353
423 21 0.138383
63 262 0.138544
63 402 0.138544
757 854 0.138544
854 579 0.138544
204 218 0.138557
557 758 0.139326
596 933 0.139365
115 95 0.139513
682 596 0.139761
396 257 0.139797
78 454 0.139975
502 758 0.139976
382 235 0.140064
169 88 0.140168
414 37 0.140262
743 571 0.140364
966 594 0.140386
101 433 0.140393
401 463 0.140427
728 736 0.140469
322 115 0.140501
359 182 0.140509
720 741 0.140854
544 640 0.140947
166 242 0.141129
650 882 0.141186
503 582 0.141334
469 342 0.141399
574 909 0.141421
640 842 0.141788
842 566 0.141788
755 842 0.141788
222 376 0.142038
24 342 0.142443
921 919 0.142875
188 113 0.142949
773 738 0.143031
214 229 0.143231
450 224 0.143367
272 157 0.143453
674 800 0.143559
674 959 0.143559
28 472 0.143568
300 215 0.143618
284 408 0.143704
53 24 0.143734
486 487 0.143744
764 650 0.144038
129 63 0.144071
207 469 0.144146
44 63 0.144219
835 933 0.144418
953 683 0.144424
219 222 0.144509
106 262 0.144761
243 401 0.144832
243 283 0.144832
838 674 0.145145
622 679 0.145145
944 953 0.145240
832 551 0.145240
626 842 0.145289
813 779 0.145411
615 666 0.145411
470 403 0.145454
288 223 0.145721
206 72 0.145875
126 423 0.146042
675 501 0.146093
338 423 0.146241
617 842 0.146282
577 503 0.146657
696 648 0.147306
248 100 0.147445
471 95 0.147757
398 448 0.147771
373 99 0.147792
276 328 0.148188
293 147 0.148235
148 375 0.148250
77 251 0.148407
399 234 0.148619
163 290 0.149299
880 944 0.149403
476 457 0.149871
86 338 0.150031
928 557 0.150381
836 758 0.150512
870 505 0.150664
510 838 0.150745
964 959 0.150745
69 44 0.150932
874 755 0.151143
940 626 0.151143
365 471 0.151221
962 837 0.151604
491 284 0.151648
531 698 0.151651
711 513 0.151651
983 517 0.151823
963 764 0.151828
47 486 0.151908
968 598 0.151928
955 745 0.151973
7 450 0.152092
378 320 0.152323
241 114 0.152632
173 166 0.152649
479 314 0.152704
317 376 0.152755
706 755 0.153165
872 832 0.153269
756 527 0.153452
418 215 0.153460
664 962 0.153634
332 470 0.153785
841 620 0.153974
985 550 0.154211
971 517 0.154283
416 273 0.154473
570 997 0.154909
32 470 0.154949
429 399 0.155166
718 971 0.155276
884 640 0.155331
358 418 0.155334
857 728 0.155597
430 365 0.156024
444 306 0.156300
383 276 0.156463
652 834 0.156828
211 358 0.157103
509 626 0.157413
656 650 0.157426
82 286 0.157437
309 352 0.157437
123 82 0.157853
744 531 0.157857
354 366 0.157974
898 870 0.158096
749 549 0.158331
717 959 0.158440
109 451 0.158616
862 756 0.158757
831 531 0.158805
597 764 0.158947
10 105 0.159010
607 599 0.159013
452 300 0.159113
315 37 0.159215
162 237 0.159285
183 211 0.159356
68 272 0.159496
980 886 0.159514
263 107 0.160110
520 813 0.160120
869 872 0.160180
716 884 0.160180
168 475 0.160238
561 718 0.160544
539 835 0.161202
902 706 0.161366
690 874 0.161430
83 204 0.161502
65 358 0.161755
363 473 0.162340
702 650 0.162397
775 544 0.162634
58 354 0.162654
994 557 0.162662
932 570 0.162822
677 598 0.162963
644 836 0.163006
804 538 0.163048
191 129 0.163217
817 520 0.163501
894 749 0.163551
187 248 0.163712
89 168 0.163936
495 461 0.164074
631 690 0.164304
370 301 0.164313
98 177 0.164373
867 953 0.164439
657 964 0.164496
885 716 0.164754
627 652 0.164922
533 717 0.165251
762 898 0.165266
563 804 0.165607
190 420 0.165658
809 980 0.165806
647 673 0.165895
893 894 0.166002
748 656 0.166128
535 718 0.166364
845 862 0.167004
883 694 0.167004
970 971 0.167084
965 517 0.167169
658 874 0.167209
700 965 0.167583
419 259 0.168677
74 285 0.168736
881 520 0.168868
167 86 0.169404
687 883 0.169423
330 183 0.169426
753 881 0.169723
846 631 0.169780
641 753 0.169963
64 452 0.170274
331 363 0.170311
958 627 0.170574
334 479 0.170606
289 74 0.171510
665 607 0.171738
136 354 0.172006
307 211 0.172965
611 944 0.173136
610 994 0.173208
912 817 0.173403
318 330 0.173669
725 902 0.173925
578 720 0.174174
179 379 0.174362
599 761 0.174396
761 657 0.174396
843 563 0.175056
815 761 0.175170
780 837 0.175267
245 358 0.175339
221 418 0.175457
117 51 0.175552
341 364 0.176684
976 127 0.177018
441 364 0.177397
507 656 0.177756
864 507 0.177797
614 677 0.177843
692 983 0.178067
624 955 0.178215
511 520 0.178439
499 396 0.178563
719 864 0.178834
205 499 0.179360
632 511 0.179747
859 641 0.179747
774 843 0.180058
406 263 0.180653
714 687 0.181569
152 471 0.181579
897 867 0.181683
542 994 0.181915
990 815 0.182024
327 28 0.182602
655 845 0.182931
485 211 0.183249
828 748 0.183651
920 599 0.183833
541 507 0.184059
201 175 0.184533
670 897 0.184554
704 502 0.184970
643 897 0.185026
142 201 0.186151
612 643 0.186217
437 117 0.186395
178 421 0.187119
861 813 0.187675
484 10 0.188133
194 69 0.188171
896 643 0.188291
415 5 0.188468
613 687 0.188599
785 861 0.188986
569 841 0.189058
759 846 0.189555
701 632 0.189573
863 690 0.189677
929 561 0.190465
822 762 0.190676
149 175 0.190963
645 775 0.191213
572 704 0.191847
605 971 0.191882
226 58 0.192043
747 994 0.192261
890 569 0.192382
660 747 0.192452
808 665 0.192746
942 921 0.192838
389 378 0.192863
752 759 0.192903
686 658 0.192957
554 846 0.193451
93 149 0.193982
588 692 0.194129
49 82 0.194395
781 605 0.194983
442 248 0.195982
708 920 0.197029
264 148 0.197125
734 632 0.197351
121 80 0.197510
547 985 0.197524
910 775 0.198003
903 655 0.198128
102 188 0.198313
145 416 0.198321
142 213 0.198533
213 219 0.198533
426 26 0.198636
394 162 0.199255
769 958 0.199616
782 929 0.202396
618 780 0.202803
548 578 0.203542
255 480 0.203831
133 414 0.204386
60 213 0.205092
391 499 0.205138
790 752 0.205179
518 708 0.205520
372 394 0.206144
630 541 0.206214
464 483 0.206396
446 365 0.206475
56 289 0.207434
888 734 0.209557
522 782 0.209619
202 133 0.209626
824 781 0.210001
57 126 0.210469
43 56 0.211536
709 955 0.212017
492 264 0.214761
367 437 0.214908
930 929 0.216900
180 117 0.217068
914 611 0.218197
821 914 0.218574
713 914 0.219537
6 84 0.220189
122 330 0.221566
104 221 0.222496
826 643 0.222537
905 518 0.222708
634 709 0.222711
67 415 0.222830
573 548 0.222940
360 194 0.223269
951 554 0.223384
81 213 0.223499
638 885 0.224073
534 963 0.224431
938 826 0.224737
410 57 0.225136
494 245 0.227382
46 446 0.227613
94 46 0.227942
974 883 0.228650
256 494 0.228735
812 638 0.228827
787 547 0.228983
900 553 0.229789
802 553 0.229789
802 903 0.229789
516 938 0.229815
730 226 0.231429
746 835 0.231444
733 607 0.231583
268 201 0.234125
619 828 0.235070
957 547 0.235911
38 406 0.236414
904 572 0.237887
667 938 0.238644
601 714 0.238949
793 942 0.241750
904 523 0.241825
523 900 0.241825
922 619 0.242619
847 573 0.243316
937 904 0.243388
967 630 0.244808
528 121 0.245127
515 704 0.246347
989 634 0.246347
823 957 0.246774
424 49 0.246829
879 937 0.247386
559 769 0.247762
825 618 0.247856
244 57 0.249549
906 733 0.249585
811 523 0.250751
608 906 0.251448
565 787 0.251458
261 268 0.251537
661 553 0.251642
806 802 0.252789
134 494 0.252854
776 825 0.252873
341 651 0.254409
651 863 0.254409
628 651 0.255863
935 734 0.257320
852 806 0.257602
830 812 0.258102
697 793 0.260860
969 802 0.262389
639 811 0.262638
952 825 0.262785
552 639 0.263168
609 852 0.263193
807 969 0.264366
567 989 0.267362
589 559 0.268011
925 930 0.268379
982 746 0.270650
508 830 0.271948
877 989 0.272902
765 528 0.274021
710 589 0.275294
532 552 0.279081
873 667 0.281759
721 952 0.282428
833 807 0.283007
616 877 0.283315
633 967 0.283553
460 289 0.284371
526 714 0.284785
771 925 0.284877
988 877 0.285045
853 616 0.285361
924 515 0.285658
995 888 0.285735
676 710 0.288029
545 565 0.290311
693 638 0.294487
918 508 0.296627
927 589 0.297597
723 853 0.297794
760 988 0.298009
992 730 0.298391
891 847 0.298665
916 697 0.300186
514 567 0.302781
731 790 0.306710
18 394 0.306776
939 701 0.307272
786 939 0.307422
724 833 0.310316
591 121 0.310441
931 523 0.316819
662 526 0.318054
680 914 0.318599
766 721 0.319066
678 922 0.321814
788 765 0.327105
754 514 0.327529
537 931 0.331607
987 680 0.333693
580 693 0.336247
685 760 0.339732
907 922 0.340117
777 616 0.344227
917 580 0.350589
543 777 0.351773
796 724 0.355460
695 873 0.359602
671 891 0.361945
735 601 0.361945
945 360 0.362884
600 735 0.366622
623 671 0.370207
797 723 0.371506
772 766 0.386325
973 907 0.387003
672 735 0.387332
586 907 0.388385
768 987 0.393141
996 508 0.411840
621 996 0.413319
923 623 0.422476
991 771 0.446683
625 973 0.457591
784 621 0.477288
961 991 0.477766
979 996 0.483552
546 995 0.498506
878 916 0.512515
960 961 0.538572
556 991 0.574529
871 678 0.576721
575 680 0.650807
668 772 0.656058
